0,0,30,0,0,1,0,2,0,3,1,4,8,5,7,6,90,7,9800,8,15478,9,3,11,400,12,2000,13,12,35,0,36,52;
0,0,30,0,1,1,0,2,0,3,2,4,8,5,7,6,70,7,12475,8,24574,9,5,11,400,12,2000,13,13,35,0,36,52;
0,0,30,0,2,1,0,2,0,3,3,4,8,5,7,6,60,7,16485,8,32654,9,7,11,380,12,2000,13,16,35,0,36,52;
0,0,30,0,3,1,0,2,0,3,6,4,8,5,7,6,50,7,14247,8,28547,9,7,11,500,12,2000,13,16,35,1,36,52;
0,0,30,0,4,1,0,2,0,3,6,4,8,5,7,6,40,7,26598,8,52697,9,10,11,600,12,2000,13,17,35,1,36,52;
0,0,30,0,5,1,0,2,0,3,3,4,8,5,7,6,50,7,16000,8,32000,9,8,11,900,12,2200,13,17,35,0,36,52;
0,0,30,0,6,1,0,2,0,3,4,4,8,5,7,6,40,7,18743,8,36954,9,9,11,850,12,2200,13,18,35,0,36,52;
0,0,30,0,7,1,0,2,0,3,5,4,8,5,7,6,30,7,22647,8,44754,9,10,11,800,12,2200,13,19,35,0,36,52;
0,0,30,0,8,1,0,2,0,3,6,4,8,5,7,6,20,7,26587,8,51421,9,12,11,900,12,2200,13,20,35,0,36,52;
0,0,30,0,9,1,0,2,0,3,7,4,8,5,7,6,30,7,41247,8,85147,9,25,11,1200,12,200,13,200,35,0,36,52;
0,0,30,0,10,1,0,2,0,3,8,4,8,5,7,6,20,7,44574,8,88415,9,30,11,1400,12,230,13,200,35,0,36,52;
6,9,155,120,126,122,129,6,1,10,14,10,5,5,28,0,11,1,0,2,0,3,9,4,8,5,7,6,10,7,100000,8,200000,9,60,11,1500,12,250,13,200,35,0;
0,0,30,0,12,1,0,2,1,3,4,4,20,5,4,6,60,7,65000,8,72574,9,32,11,700,12,2000,13,17,35,1,36,53;
0,0,30,0,13,1,0,2,1,3,7,4,20,5,4,6,50,7,88541,8,101247,9,40,11,800,12,2100,13,17,35,1,36,53;
0,0,30,0,14,1,0,2,1,3,8,4,20,5,4,6,40,7,96957,8,122014,9,45,11,800,12,2000,13,18,35,1,36,53;
9,12,127,129,122,166,125,120,121,175,9,1,20,9,8,1,10,25,30,1,28,0,15,1,0,2,1,3,10,4,20,5,4,6,30,7,144175,8,284715,9,75,11,1250,12,2000,13,20,35,1;
0,0,32,0,16,1,0,2,1,3,4,4,20,5,4,6,50,7,40000,8,80000,9,0,10,3,11,350,12,1200,13,17,35,0,36,53;
0,0,32,0,17,1,0,2,1,3,5,4,20,5,4,6,40,7,56147,8,102475,9,0,10,5,11,450,12,2000,13,15,35,0,36,53;
0,0,32,0,18,1,0,2,1,3,6,4,20,5,4,6,30,7,68571,8,102457,9,0,10,8,11,450,12,2000,13,17,35,0,36,53;
0,0,30,0,19,1,0,2,1,3,7,4,20,5,4,6,20,7,65417,8,101451,9,15,11,300,12,1400,13,17,35,0,36,53;
0,0,30,0,20,1,0,2,1,3,8,4,20,5,4,6,20,7,84517,8,168475,9,13,11,250,12,1000,13,18,35,0,36,53;
0,0,30,0,21,1,0,2,1,3,9,4,20,5,4,6,10,7,92471,8,184750,9,14,11,220,12,1000,13,19,35,0,36,53;
0,0,30,0,22,1,0,2,2,3,1,4,16,5,1,6,70,7,4400,8,8800,9,2,11,400,12,300,13,40,35,0,36,54;
0,0,30,0,23,1,0,2,2,3,2,4,16,5,1,6,60,7,8000,8,16000,9,4,11,350,12,250,13,48,35,0,36,54;
0,0,30,0,24,1,0,2,2,3,3,4,16,5,1,6,50,7,46000,8,72014,9,30,11,1000,12,600,13,70,35,0,36,54;
5,125,121,122,120,127,5,5,8,11,8,15,28,0,25,1,0,2,2,3,5,4,16,5,1,6,40,7,94574,8,148751,9,60,11,1200,12,600,13,80,35,0;
0,0,30,0,26,1,0,2,2,3,6,4,16,5,1,6,30,7,18745,8,36521,9,5,11,200,12,400,13,52,35,0,36,54;
5,154,122,125,127,130,5,35,21,16,20,27,28,0,27,1,0,2,2,3,8,4,16,5,1,6,30,7,60000,8,120000,9,4,11,90,12,600,13,60,35,0;
0,0,30,0,28,1,0,2,3,3,7,4,2,5,21,6,30,7,16000,8,32654,9,3,11,300,12,1000,13,12,35,0,36,54;
0,0,30,0,29,1,0,2,3,3,8,4,2,5,21,6,25,7,28457,8,45741,9,4,11,170,12,1000,13,13,35,0,36,54;
0,0,30,0,30,1,0,2,3,3,9,4,2,5,21,6,25,7,44000,8,85471,9,3,11,80,12,2500,13,14,35,0,36,54;
0,0,30,0,31,1,1,2,4,3,1,4,15,5,21,6,80,7,100,8,200,9,60,11,1200,12,1200,13,12,35,1,36,34;
0,0,30,0,32,1,1,2,4,3,3,4,15,5,21,6,60,7,300,8,400,9,70,11,900,12,1200,13,14,35,0,36,34;
3,118,122,120,3,3,1,2,30,0,33,1,1,2,4,3,5,4,15,5,21,6,40,7,500,8,600,9,100,10,34,11,2000,12,1000,13,16,35,0;
0,0,32,0,34,1,1,2,4,3,6,4,15,5,21,6,20,7,500,8,600,9,10,10,45,11,1000,12,1000,13,18,35,0,36,34;
0,0,32,0,35,1,1,2,4,3,7,4,15,5,21,6,20,7,665,8,810,9,30,10,60,11,1000,12,1000,13,20,35,0,36,34;
0,0,30,0,36,1,1,2,5,3,1,4,14,5,18,6,80,7,900,8,980,9,70,11,3000,12,3000,13,8,35,0,36,34;
4,128,129,127,125,4,2,2,2,1,30,0,37,1,1,2,5,3,5,4,14,5,18,6,50,7,5000,8,25000,9,750,10,500,11,4000,12,4000,13,18,35,0;
0,0,30,0,38,1,1,2,5,3,3,4,14,5,18,6,50,7,700,8,900,9,140,11,4000,12,4000,13,10,35,1,36,34;
0,0,32,0,39,1,1,2,5,3,7,4,14,5,18,6,20,7,900,8,1200,9,0,10,100,11,5000,12,5000,13,15,35,0,36,34;
0,0,32,0,40,1,1,2,5,3,8,4,14,5,18,6,20,7,1045,8,1145,9,120,10,100,11,5000,12,5000,13,17,35,0,36,34;
0,0,34,0,41,1,1,2,6,3,4,4,9,5,21,6,60,7,1324,8,1457,9,2,10,80,11,6000,12,6000,13,7,14,22000,35,0,36,11;
0,0,34,0,42,1,1,2,6,3,5,4,9,5,21,6,40,7,800,8,900,9,2,10,150,11,6500,12,6500,13,8,14,30000,35,0,36,11;
0,0,34,0,43,1,1,2,6,3,6,4,9,5,21,6,20,7,1500,8,1700,9,4,10,300,11,5200,12,5200,13,10,14,37000,35,0,36,11;
0,0,32,0,44,1,1,2,7,3,4,4,11,5,1,6,60,7,2000,8,4000,9,200,11,6000,12,6000,13,6,14,20000,35,0,36,11;
0,0,32,0,45,1,1,2,7,3,5,4,11,5,1,6,40,7,5000,8,7000,9,560,11,6500,12,6500,13,7,14,30000,35,0,36,11;
6,124,114,128,127,125,118,6,40,20,7,5,5,10,30,0,46,1,1,2,7,3,9,4,11,5,1,6,20,7,10000,8,20000,9,3000,10,3000,11,10000,12,7000,13,9,14,40000;
0,0,30,0,47,1,2,2,8,3,5,4,0,5,13,6,60,7,40000,8,80000,9,5,11,300,12,1650,13,20,15,40,35,0;
0,0,30,0,48,1,2,2,8,3,6,4,0,5,13,6,40,7,120000,8,150000,9,3,11,180,12,1700,13,22,15,60,35,0;
0,0,30,0,49,1,2,2,8,3,6,4,0,5,13,6,20,7,347000,8,471500,9,7,11,400,12,1000,13,50,15,100,35,1;
0,0,26,0,50,1,3,2,9,3,1,4,19,5,21,6,80,7,5000,8,6521,16,50,17,20000,35,0,36,2;
0,0,26,0,51,1,3,2,9,3,3,4,19,5,21,6,60,7,12475,8,16457,16,80,17,46000,35,0,36,2;
0,0,26,0,52,1,3,2,9,3,5,4,19,5,21,6,30,7,24157,8,36987,16,120,17,58000,35,1,36,2;
0,0,26,0,53,1,3,2,9,3,7,4,19,5,21,6,20,7,69741,8,120145,16,150,17,45000,35,0,36,2;
5,163,118,125,121,127,5,80,75,20,65,80,24,0,54,1,3,2,9,3,10,4,19,5,21,6,5,7,147523,8,58000,16,300,17,30000,35,0;
0,0,24,0,55,1,3,2,10,3,1,4,21,5,4,6,80,7,1500,8,2114,18,40,35,0,36,4;
0,0,24,0,56,1,3,2,10,3,3,4,21,5,4,6,60,7,6754,8,12457,18,80,35,0,36,4;
0,0,24,0,57,1,3,2,10,3,5,4,21,5,4,6,40,7,32147,8,64000,18,110,35,0,36,4;
0,0,24,0,58,1,3,2,10,3,7,4,21,5,4,6,20,7,80000,8,110000,18,160,35,1,36,4;
5,157,168,156,125,120,5,40,15,35,40,30,22,0,59,1,3,2,10,3,10,4,21,5,4,6,10,7,155000,8,200000,18,350,35,1;
0,0,27,0,60,1,1,2,7,3,3,4,0,5,0,6,0,7,190,8,209,9,350,11,6000,12,1000,13,4,35,0;
0,0,27,0,61,1,1,2,6,3,3,4,0,5,0,6,0,7,340,8,374,10,500,11,3000,12,2200,13,4,35,0;
0,0,27,0,62,1,1,2,7,3,3,4,0,5,0,6,0,7,1400,8,1500,9,700,11,4000,12,5000,13,4,35,1;
0,0,24,0,63,1,3,2,12,3,1,4,16,5,1,6,80,7,6541,8,12475,20,15,35,0,36,6;
0,0,24,0,64,1,3,2,12,3,3,4,16,5,1,6,60,7,8514,8,16587,20,25,35,0,36,6;
0,0,24,0,65,1,3,2,12,3,5,4,16,5,1,6,40,7,26347,8,52014,20,40,35,0,36,6;
0,0,24,0,66,1,3,2,12,3,7,4,16,5,1,6,20,7,48731,8,86324,20,75,35,0,36,6;
4,118,122,125,130,4,45,17,50,60,22,0,67,1,3,2,12,3,9,4,16,5,1,6,20,7,100000,8,200000,20,500,35,0;
0,0,26,0,68,1,3,2,13,3,4,4,7,5,0,6,80,7,54124,8,105236,21,0,22,4000,35,0,36,8;
0,0,26,0,69,1,3,2,13,3,5,4,7,5,0,6,50,7,125600,8,178961,21,0,22,3000,35,0,36,8;
0,0,26,0,70,1,3,2,13,3,7,4,7,5,0,6,20,7,250000,8,500000,21,1,22,10,35,0,36,8;
0,0,28,0,71,1,3,2,14,3,4,4,9,5,21,6,60,7,4800,8,9000,23,60,24,8000,25,3000,35,0,36,13;
0,0,28,0,72,1,3,2,14,3,5,4,9,5,21,6,40,7,12000,8,24000,23,80,24,10000,25,4400,35,0,36,13;
0,0,28,0,73,1,3,2,14,3,7,4,9,5,21,6,30,7,54711,8,68216,23,160,24,12000,25,5600,35,0,36,13;
0,0,28,0,74,1,3,2,14,3,7,4,9,5,21,6,20,7,75000,8,92347,23,200,24,16000,25,6000,35,1,36,13;
0,0,20,0,75,1,3,2,15,3,4,4,8,5,6,6,70,7,16000,8,24000,35,0;
0,0,24,0,76,1,3,2,16,3,1,4,10,5,4,6,80,7,1200,8,1501,26,20,35,0,36,13;
0,0,24,0,77,1,3,2,16,3,3,4,10,5,4,6,60,7,2800,8,2909,26,40,35,0,36,13;
0,0,24,0,78,1,3,2,16,3,5,4,10,5,4,6,40,7,4700,8,5735,26,70,35,1,36,13;
0,0,24,0,79,1,3,2,16,3,7,4,10,5,4,6,20,7,6900,8,7059,26,100,35,1,36,13;
0,0,24,0,80,1,3,2,16,3,8,4,10,5,4,6,10,7,8800,8,10356,26,130,35,0,36,13;
0,0,28,0,81,1,3,2,17,3,2,4,12,5,4,6,60,7,4700,8,5200,27,4000,28,1,29,0,35,0,36,11;
0,0,28,0,82,1,3,2,17,3,3,4,12,5,4,6,40,7,12500,8,24000,27,3000,28,0,29,1,35,0,36,11;
0,0,28,0,83,1,3,2,17,3,6,4,12,5,4,6,20,7,45600,8,58936,27,1800,28,0,29,1,35,0,36,11;
0,0,28,0,84,1,3,2,17,3,7,4,12,5,4,6,20,7,98475,8,105400,27,1800,28,1,29,1,35,0,36,11;
8,164,158,160,163,118,125,127,129,8,50,10,10,10,40,70,75,40,20,0,85,1,3,2,18,3,10,4,4,5,21,6,0,7,571482,8,786317,35,0;
0,0,26,0,86,1,3,2,19,3,2,4,4,5,21,6,70,7,5000,8,7000,30,30,31,60,35,0,36,8;
0,0,26,0,87,1,3,2,19,3,4,4,4,5,21,6,50,7,35000,8,40000,30,50,31,50,35,0,36,8;
0,0,26,0,88,1,3,2,19,3,5,4,4,5,21,6,30,7,45700,8,65417,30,80,31,30,35,1,36,8;
0,0,26,0,89,1,3,2,19,3,7,4,4,5,21,6,20,7,95000,8,117239,30,60,31,80,35,0,36,8;
5,121,125,130,166,155,5,90,80,90,10,40,24,0,90,1,3,2,19,3,10,4,4,5,21,6,5,7,268000,8,398593,30,500,31,200,35,0;
0,0,24,0,91,1,3,2,20,3,3,4,14,5,1,6,70,7,2600,8,3252,32,3,35,0,36,14;
0,0,24,0,92,1,3,2,20,3,6,4,14,5,1,6,50,7,5900,8,6237,32,5,35,0,36,14;
0,0,24,0,93,1,3,2,20,3,7,4,14,5,1,6,30,7,25000,8,35000,32,20,35,0,36,14;
0,0,26,0,94,1,3,2,21,3,4,4,18,5,15,6,30,7,44021,8,88745,33,15000,34,18000,35,0,36,14;
0,0,26,0,95,1,3,2,21,3,6,4,18,5,15,6,20,7,68541,8,96474,33,28000,34,32000,35,1,36,14;
6,126,119,130,129,127,124,6,40,15,20,40,10,40,24,0,96,1,3,2,21,3,10,4,18,5,15,6,10,7,110000,8,200000,33,50000,34,25000,35,0;
0,0,20,0,97,1,4,2,22,3,1,4,14,5,21,6,80,7,3000,8,5000,35,0;
0,0,20,0,98,1,4,2,22,3,2,4,0,5,21,6,50,7,500,8,700,35,0;
0,0,20,0,99,1,4,2,22,3,1,4,9,5,21,6,70,7,5,8,7,35,0;
0,0,20,0,100,1,4,2,22,3,5,4,10,5,4,6,10,7,1200,8,4500,35,0;
0,0,20,0,101,1,4,2,22,3,5,4,16,5,1,6,10,7,3000,8,7000,35,0;
0,0,20,0,102,1,4,2,22,3,5,4,11,5,21,6,15,7,2900,8,9000,35,0;
0,0,20,0,103,1,4,2,22,3,1,4,19,5,21,6,20,7,800,8,1200,35,0;
0,0,20,0,104,1,4,2,22,3,7,4,8,5,7,6,20,7,450,8,2500,35,0;
0,0,20,0,105,1,4,2,22,3,8,4,14,5,21,6,20,7,30,8,160,35,0;
0,0,20,0,106,1,4,2,22,3,1,4,19,5,21,6,60,7,3,8,10,35,0;
0,0,20,0,107,1,4,2,22,3,5,4,1,5,6,6,30,7,16000,8,32000,35,0;
0,0,20,0,108,1,4,2,22,3,7,4,18,5,15,6,7,7,35000,8,68000,35,0;
0,0,20,0,109,1,4,2,22,3,4,4,20,5,4,6,5,7,500,8,15000,35,0;
0,0,20,0,110,1,4,2,22,3,5,4,21,5,4,6,2,7,500,8,10000,35,0;
0,0,20,0,111,1,4,2,22,3,2,4,13,5,4,6,80,7,5,8,105,35,0;
0,0,20,0,112,1,4,2,22,3,2,4,7,5,1,6,25,7,5,8,100,35,0;
0,0,20,0,113,1,4,2,22,3,8,4,6,5,1,6,25,7,3000,8,18000,35,0;
0,0,20,0,114,1,4,2,22,3,3,4,15,5,21,6,50,7,150,8,200,35,0;
0,0,20,0,115,1,4,2,22,3,2,4,19,5,19,6,50,7,1500,8,7000,35,0;
0,0,20,0,116,1,4,2,22,3,5,4,19,5,19,6,0,7,0,8,0,35,0;
0,0,20,0,117,1,4,2,22,3,5,4,19,5,19,6,0,7,0,8,0,35,0;
0,0,20,0,118,1,4,2,22,3,2,4,5,5,4,6,60,7,50,8,90,35,0;
0,0,20,0,119,1,4,2,22,3,7,4,9,5,21,6,65,7,30,8,100,35,0;
0,0,20,0,120,1,4,2,22,3,5,4,16,5,1,6,50,7,58,8,65,35,0;
0,0,20,0,121,1,4,2,22,3,7,4,0,5,21,6,50,7,800,8,1500,35,0;
0,0,20,0,122,1,4,2,22,3,5,4,2,5,21,6,60,7,3600,8,5000,35,0;
0,0,20,0,123,1,4,2,22,3,1,4,3,5,4,6,50,7,4,8,16,35,0;
0,0,20,0,124,1,4,2,22,3,3,4,7,5,1,6,30,7,90,8,220,35,0;
0,0,20,0,125,1,4,2,22,3,4,4,20,5,4,6,70,7,60,8,160,35,0;
0,0,20,0,126,1,4,2,22,3,2,4,13,5,4,6,50,7,180,8,200,35,0;
0,0,20,0,127,1,4,2,22,3,7,4,17,5,21,6,50,7,15,8,38,35,0;
0,0,20,0,128,1,4,2,22,3,5,4,17,5,21,6,50,7,75,8,230,35,0;
0,0,20,0,129,1,4,2,22,3,7,4,14,5,21,6,50,7,50,8,180,35,0;
0,0,20,0,130,1,4,2,22,3,2,4,1,5,6,6,70,7,56,8,77,35,0;
0,0,20,0,131,1,4,2,22,3,10,4,19,5,19,6,0,7,5500,8,12000,35,0;
0,0,20,0,132,1,4,2,22,3,1,4,0,5,6,6,30,7,139,8,195,35,0;
0,0,20,0,133,1,4,2,22,3,1,4,1,5,6,6,30,7,489,8,636,35,0;
0,0,20,0,134,1,4,2,22,3,1,4,2,5,21,6,30,7,789,8,1624,35,0;
0,0,20,0,135,1,4,2,22,3,1,4,3,5,15,6,30,7,237,8,322,35,0;
0,0,20,0,136,1,4,2,22,3,1,4,4,5,21,6,30,7,211,8,388,35,0;
0,0,20,0,137,1,4,2,22,3,1,4,5,5,15,6,30,7,245,8,480,35,0;
0,0,20,0,138,1,4,2,22,3,1,4,6,5,1,6,40,7,99,8,202,35,0;
0,0,20,0,139,1,4,2,22,3,1,4,7,5,1,6,30,7,320,8,648,35,0;
0,0,20,0,140,1,4,2,22,3,1,4,8,5,6,6,30,7,259,8,314,35,0;
0,0,20,0,141,1,4,2,22,3,1,4,9,5,21,6,30,7,873,8,1679,35,0;
0,0,20,0,142,1,4,2,22,3,1,4,10,5,4,6,30,7,89,8,205,35,0;
0,0,20,0,143,1,4,2,22,3,1,4,11,5,18,6,30,7,105,8,178,35,0;
0,0,20,0,144,1,4,2,22,3,1,4,12,5,4,6,30,7,113,8,208,35,0;
0,0,20,0,145,1,4,2,22,3,1,4,13,5,0,6,30,7,398,8,537,35,0;
0,0,20,0,146,1,4,2,22,3,1,4,14,5,21,6,30,7,264,8,487,35,0;
0,0,20,0,147,1,4,2,22,3,1,4,15,5,21,6,30,7,453,8,668,35,0;
0,0,20,0,148,1,4,2,22,3,1,4,16,5,1,6,30,7,262,8,374,35,0;
0,0,20,0,149,1,4,2,22,3,1,4,17,5,21,6,30,7,258,8,337,35,0;
0,0,20,0,150,1,4,2,22,3,1,4,18,5,6,6,30,7,692,8,1319,35,0;
0,0,20,0,151,1,4,2,22,3,1,4,19,5,21,6,30,7,1025,8,1759,35,0;
0,0,20,0,152,1,4,2,22,3,1,4,20,5,4,6,30,7,578,8,931,35,0;
0,0,20,0,153,1,4,2,22,3,1,4,21,5,15,6,30,7,510,8,835,35,0;
0,0,22,0,154,1,4,2,23,3,1,4,9,5,21,6,20,7,350,8,550,35,0,36,51;
0,0,22,0,155,1,4,2,23,3,1,4,21,5,4,6,30,7,400,8,900,35,0,36,51;
0,0,22,0,156,1,4,2,23,3,1,4,0,5,21,6,40,7,450,8,600,35,0,36,51;
0,0,22,0,157,1,4,2,23,3,1,4,7,5,1,6,40,7,500,8,750,35,0,36,51;
0,0,22,0,158,1,4,2,23,3,1,4,4,5,21,6,40,7,400,8,650,35,0,36,51;
0,0,22,0,159,1,4,2,23,3,1,4,18,5,15,6,40,7,430,8,750,35,0,36,51;
0,0,22,0,160,1,4,2,23,3,1,4,13,5,4,6,40,7,350,8,600,35,0,36,51;
0,0,22,0,161,1,4,2,23,3,1,4,19,5,21,6,40,7,440,8,800,35,0,36,51;
0,0,22,0,162,1,4,2,23,3,1,4,14,5,21,6,40,7,380,8,74,471,0,36,51;
0,0,22,0,163,1,4,2,23,3,1,4,5,5,4,6,40,7,500,8,690,35,0,36,51;
0,0,20,0,164,1,4,2,23,3,1,4,19,5,19,6,40,7,3000,8,5000,35,0;
0,0,22,0,165,1,4,2,24,3,3,4,9,5,21,6,15,7,2400,8,3500,35,0,36,50;
0,0,22,0,166,1,4,2,24,3,3,4,21,5,4,6,15,7,1200,8,4500,35,0,36,50;
0,0,22,0,167,1,4,2,24,3,3,4,0,5,21,6,15,7,3000,8,3600,35,0,36,50;
0,0,22,0,168,1,4,2,24,3,3,4,7,5,1,6,15,7,1500,8,6500,35,0,36,50;
0,0,22,0,169,1,4,2,24,3,3,4,4,5,21,6,15,7,1200,8,5800,35,0,36,50;
0,0,22,0,170,1,4,2,24,3,3,4,18,5,15,6,15,7,1290,8,6750,35,0,36,50;
0,0,22,0,171,1,4,2,24,3,3,4,13,5,4,6,15,7,1005,8,5400,35,0,36,50;
0,0,22,0,172,1,4,2,24,3,3,4,19,5,21,6,15,7,1320,8,7200,35,0,36,50;
0,0,22,0,173,1,4,2,24,3,3,4,14,5,21,6,15,7,1140,8,6660,35,0,36,50;
0,0,22,0,174,1,4,2,24,3,3,4,5,5,4,6,15,7,1380,8,6210,35,0,36,50;
0,0,20,0,175,1,4,2,24,3,3,4,19,5,19,6,15,7,15000,8,30000,35,0;
0,0,32,0,176,1,0,2,0,3,6,4,18,5,15,6,0,7,37000,8,40700,9,13,11,700,12,2000,13,22,14,2800,35,0,36,105;
0,0,32,0,177,1,0,2,0,3,7,4,13,5,4,6,0,7,113100,8,124410,9,19,11,750,12,2100,13,25,14,4400,35,0,36,105;
7,27,125,121,122,171,186,166,7,1,90,70,50,5,1,5,30,0,178,1,0,2,0,3,9,4,19,5,21,6,0,7,407928,8,438997,9,30,11,900,12,2600,13,28,14,6300,35,0;
9,44,124,114,127,118,129,157,166,122,9,10,100,250,150,125,175,215,25,160,32,0,179,1,1,2,7,3,8,4,11,5,1,6,0,7,80232,8,85313,9,850,11,10000,12,20000,13,10,14,25000,15,1,60,0;
0,0,34,0,180,1,2,2,8,3,6,4,0,5,13,6,0,7,193500,8,212850,9,4,11,100,12,2000,13,32,15,100,21,1,35,0,36,105;
0,0,34,0,181,1,2,2,8,3,6,4,0,5,13,6,0,7,338100,8,371910,9,9,11,190,12,2500,13,32,15,125,21,1,35,0,36,105;
9,47,15,118,125,127,128,129,168,166,9,1,2,100,120,100,100,100,40,40,32,0,182,1,2,2,8,3,6,4,0,5,13,6,0,7,500144,8,532463,9,8,11,150,12,3000,13,32,15,150,21,1,35,0;
9,118,121,155,168,172,120,126,122,175,9,30,25,10,8,10,30,28,50,1,28,0,183,1,0,2,0,3,9,4,0,5,13,6,0,7,173833,8,186554,9,18,11,300,12,2000,13,28,60,0;
0,0,26,0,184,1,3,2,26,3,9,4,19,5,19,6,0,7,312000,8,343200,42,15000,43,30000,60,0,61,107;
0,0,24,0,185,1,3,2,27,3,6,4,0,5,6,6,0,7,7000,8,7700,41,10000,60,0,61,107;
0,0,26,0,186,1,3,2,28,3,5,4,1,5,6,6,0,7,25000,8,27500,39,20,40,-10,60,0,61,107;
0,0,26,0,187,1,3,2,28,3,5,4,2,5,21,6,0,7,25000,8,27500,39,-10,40,20,60,0,61,107;
0,0,22,0,188,1,3,2,15,3,7,4,3,5,15,6,0,7,118000,8,129800,60,0,61,107;
0,0,22,0,189,1,3,2,29,3,1,4,4,5,21,6,0,7,500000,8,500000,60,0,61,107;
0,0,22,0,190,1,3,2,29,3,1,4,5,5,15,6,0,7,500000,8,500000,60,0,61,107;
0,0,22,0,191,1,3,2,29,3,1,4,6,5,1,6,0,7,500000,8,500000,60,0,61,107;
0,0,22,0,192,1,3,2,29,3,1,4,7,5,1,6,0,7,500000,8,500000,60,0,61,107;
0,0,28,0,193,1,0,2,3,3,9,4,8,5,6,6,0,7,152500,8,167750,9,5,11,120,12,2200,13,17,60,0;
0,0,26,0,194,1,3,2,13,3,10,4,10,5,21,6,0,7,3093750,8,3403125,23,2,24,0,60,0,61,107;
0,0,28,0,195,1,3,2,14,3,8,4,10,5,4,6,0,7,72500,8,79750,23,300,24,16000,25,6000,35,0,36,107;
0,0,24,0,196,1,3,2,33,3,9,4,0,5,0,6,0,7,2300,8,2530,57,0,58,0,60,0;
0,0,36,0,197,1,1,2,34,3,4,4,0,5,0,6,0,7,4250,8,4675,9,5,10,0,11,6000,12,6000,13,6,14,10000,15,0,56,50,60,0;
0,0,30,0,198,1,2,2,35,3,9,4,0,5,0,6,0,7,4100,8,4300,9,0,17,100,49,16,50,40,51,27500,60,0;
0,0,30,0,199,1,2,2,35,3,9,4,0,5,0,6,0,7,593750,8,599688,9,0,17,150,49,28,50,80,51,50000,60,0;
0,0,30,0,200,1,2,2,35,3,9,4,0,5,0,6,0,7,1131000,8,1142310,9,0,17,200,49,32,50,100,51,60000,60,0;
0,0,20,0,201,1,4,2,36,3,9,4,17,5,0,6,0,7,35,8,39,60,0;
0,0,20,0,202,1,4,2,36,3,9,4,16,5,0,6,0,7,40,8,44,60,0;
0,0,20,0,203,1,4,2,36,3,9,4,8,5,0,6,0,7,50,8,55,60,0;
0,0,20,0,204,1,4,2,36,3,9,4,20,5,0,6,0,7,80,8,88,60,0;
0,0,22,0,205,1,3,2,38,3,8,4,0,5,0,6,0,7,25000,8,27000,52,40,60,0;
6,205,119,121,163,172,122,6,1,200,150,100,25,250,22,0,206,1,3,2,38,3,8,4,0,5,0,6,0,7,533256,8,586582,52,60,60,0;
0,0,26,0,207,1,3,2,37,3,8,4,0,5,0,6,0,7,6200,8,6700,53,15000,54,60,55,1,60,0;
0,0,26,0,208,1,3,2,37,3,8,4,0,5,0,6,0,7,340000,8,360000,53,60000,54,100,55,3,60,0;
0,0,20,0,209,1,4,2,22,3,10,4,21,5,21,6,0,7,500000,8,525000,60,0;
4,201,202,203,204,4,930,930,930,930,20,0,210,1,4,2,22,3,10,4,0,5,0,6,0,7,775000,8,786625,60,0;
0,0,28,0,211,1,1,2,39,3,9,4,0,5,0,6,0,7,640,8,704,9,9,11,430,12,1000,13,22,60,0;
0,0,28,0,212,1,1,2,39,3,9,4,0,5,0,6,0,7,1200,8,1320,9,11,11,300,12,1000,13,25,60,0;
0,0,28,0,213,1,1,2,39,3,9,4,0,5,0,6,0,7,5100,8,5300,9,14,11,250,12,1000,13,28,60,0;
0,0,28,0,214,1,1,2,40,3,9,4,0,5,0,6,0,7,310,8,341,9,60,11,3000,12,8000,13,8,60,0;
0,0,28,0,215,1,1,2,40,3,9,4,0,5,0,6,0,7,670,8,737,9,75,11,3000,12,10000,13,9,60,0;
0,0,28,0,216,1,1,2,40,3,9,4,0,5,0,6,0,7,1300,8,1430,9,90,11,3000,12,10000,13,10,60,0;
0,0,20,0,217,1,4,2,23,3,1,4,27,5,21,6,0,7,400,8,430,60,0;
0,0,20,0,218,1,4,2,24,3,3,4,27,5,21,6,0,7,5000,8,5150,60,0;
0,0,24,0,219,1,3,2,33,3,9,4,0,5,0,6,0,7,462500,8,467125,57,1,58,0,60,0;
0,0,24,0,220,1,3,2,33,3,9,4,0,5,0,6,0,7,916500,8,925665,57,1,58,1,60,0;
4,197,173,114,124,4,10,2,40,20,36,0,221,1,1,2,34,3,6,4,0,5,0,6,0,7,8128,8,8761,9,5,10,0,11,6000,12,6000,13,6,14,15000,15,0,56,100,60,0;
0,0,26,0,222,1,3,2,41,3,8,4,0,5,0,6,0,7,8400,8,8567,53,20000,54,50,55,1,60,0;
5,122,129,222,204,218,5,200,90,1,300,10,26,0,223,1,3,2,41,3,8,4,0,5,0,6,0,7,508045,8,545097,53,10000,54,100,55,3,60,0;
0,0,34,0,224,1,2,2,8,3,9,4,0,5,0,6,0,7,470500,8,476000,9,18,11,200,12,3000,13,32,16,0,17,130,60,0,61,114;
10,163,118,120,121,122,127,201,202,218,54,10,80,55,12,45,100,50,250,250,5,1,26,0,225,1,3,2,9,3,10,4,19,5,21,6,5,7,738210,8,780835,16,380,17,20000,52,0,35,0;
5,114,122,118,126,203,5,25,25,10,8,30,34,0,226,1,1,2,42,3,9,4,11,5,1,6,20,7,7404,8,7905,9,140,10,80,11,7000,12,7000,13,0,14,80000,15,0,60,0;
4,118,119,122,210,4,5,5,50,1,22,0,227,1,3,2,43,3,9,4,11,5,1,6,0,7,881346,8,900606,59,30,60,0;
0,0,28,0,228,1,0,2,0,3,9,4,8,5,7,6,0,7,525000,8,542000,9,120,11,1300,12,2600,13,22,60,0;
0,0,28,0,229,1,0,2,0,3,9,4,8,5,7,6,0,7,500000,8,515000,9,60,11,680,12,2000,13,24,60,0;
0,0,28,0,230,1,0,2,2,3,9,4,16,5,1,6,0,7,405000,8,415000,9,7,11,100,12,1500,13,30,60,0;
0,0,28,0,231,1,0,2,1,3,9,4,20,5,4,6,0,7,350000,8,370000,9,16,11,230,12,1000,13,20,60,0;
2,114,210,2,10,1,32,0,232,1,1,2,7,3,1,4,0,5,0,6,0,7,1550000,8,1573250,9,1,11,8000,12,8000,13,12,14,20000,15,0,60,0;