0,
3,
13001,0,0,0,0,0,0,4096,4096,4096,
13101,0,0,0,0,0,0,4096,4096,4096,
20000,0,0,0,0,0,0,4096,4096,4096;

1,
3,
13002,0,0,0,0,0,0,4096,4096,4096,
13102,0,0,0,0,0,0,4096,4096,4096,
20001,0,0,0,0,0,0,4096,4096,4096;

2,
3,
13003,0,0,0,0,0,0,4096,4096,4096,
13103,0,0,0,0,0,0,4096,4096,4096,
20002,0,0,0,0,0,0,4096,4096,4096;

3,
3,
13004,0,0,0,0,0,0,4096,4096,4096,
13104,0,0,0,0,0,0,4096,4096,4096,
20003,0,0,0,0,0,0,4096,4096,4096;

4,
3,
13005,0,0,0,0,0,0,4096,4096,4096,
13105,0,0,0,0,0,0,4096,4096,4096,
20004,0,0,0,0,0,0,4096,4096,4096;

5,
3,
13006,0,0,0,0,0,0,4096,4096,4096,
13106,0,0,0,0,0,0,4096,4096,4096,
20005,0,0,0,0,0,0,4096,4096,4096;

6,
3,
13007,0,0,0,0,0,0,4096,4096,4096,
13107,0,0,0,0,0,0,4096,4096,4096,
20006,0,0,0,0,0,0,4096,4096,4096;

7,
3,
13008,0,0,0,0,0,0,4096,4096,4096,
13108,0,0,0,0,0,0,4096,4096,4096,
20007,0,0,0,0,0,0,4096,4096,4096;

8,
4,
13061,0,0,0,0,0,0,4096,4096,4096,
13161,0,0,0,0,0,0,4096,4096,4096,
13261,0,0,0,0,0,0,4096,4096,4096,
20008,0,0,0,0,0,0,4096,4096,4096;

9,
3,
13162,0,0,0,0,0,0,4096,4096,4096,
13262,0,0,0,0,0,0,4096,4096,4096,
20009,0,0,0,0,0,0,4096,4096,4096;

10,
3,
13063,0,0,0,0,0,0,4096,4096,4096,
13163,0,0,0,0,0,0,4096,4096,4096,
20010,0,0,0,0,0,0,4096,4096,4096;

11,
3,
13009,0,0,0,0,0,0,4096,4096,4096,
13109,0,0,0,0,0,0,4096,4096,4096,
20011,0,0,0,0,0,0,4096,4096,4096;

12,
4,
13010,0,0,0,0,0,0,4096,4096,4096,
13110,0,0,0,0,0,0,4096,4096,4096,
13210,0,0,0,0,0,0,4096,4096,4096,
20012,0,0,0,0,0,0,4096,4096,4096;

13,
7,
13072,0,280,6030,0,0,0,4096,4096,4096,
13073,0,661,2329,0,0,0,4096,4096,4096,
13074,0,399,-1852,0,0,0,4096,4096,4096,
13075,0,-473,4123,0,0,0,4096,4096,4096,
13076,0,-466,1927,0,0,0,4096,4096,4096,
13077,0,-466,-854,0,0,0,4096,4096,4096,
13068,0,-538,-2059,0,0,0,4373,5036,6261;

14,
20,
13067,2500,-26,-9730,0,0,0,8982,7883,8177,
13067,0,354,-10116,0,0,0,10317,15321,10317,
13067,-2500,-26,-9730,0,0,0,8982,7883,8177,
13078,0,2549,4732,0,0,0,4096,4096,4096,
13079,0,3401,-6625,0,0,0,4096,4096,4096,
13080,0,940,7739,0,0,0,4096,4096,4096,
13081,0,940,4249,0,0,0,4096,4096,4096,
13082,0,940,463,0,0,0,4096,4096,4096,
13083,0,1224,-2839,0,0,0,4096,4096,4096,
13084,0,1508,-6625,0,0,0,4096,4096,4096,
13085,0,372,-9465,0,0,0,4096,4096,4096,
13086,0,-1709,8140,0,0,0,4096,4096,4096,
13087,0,-1330,4261,0,0,0,4096,4096,4096,
13088,0,-952,463,0,0,0,4096,4096,4096,
13089,0,-668,-2839,0,0,0,4096,4096,4096,
13090,0,-469,-6625,0,0,0,4096,4096,4096,
13091,0,-2271,-5111,0,0,0,4096,4096,4096,
13092,0,-3780,-2839,0,0,0,4096,4096,4096,
13093,2471,-5,-7698,0,0,0,4096,4096,4096,
13094,-2471,-5,-7698,0,0,0,4096,4096,4096;

15,
11,
13095,0,-27,5076,0,0,0,4096,4096,4096,
13096,0,650,3732,0,0,0,4096,4096,4096,
13096,0,650,1932,0,0,0,4096,4096,4096,
13096,0,650,132,0,0,0,4096,4096,4096,
13097,0,-127,3604,0,0,0,4096,4096,4096,
13097,0,-127,1804,0,0,0,4096,4096,4096,
13097,0,-127,4,0,0,0,4096,4096,4096,
13098,0,106,-1202,0,0,0,4096,4096,4096,
13067,0,600,-1650,0,0,0,4096,4096,4096,
13067,0,-400,-1650,0,0,0,4096,4096,4096,
13067,0,100,-1650,0,0,0,4096,4096,4096;

16,
4,
13011,0,0,0,0,0,0,4096,4096,4096,
13111,0,0,0,0,0,0,4096,4096,4096,
13211,0,0,0,0,0,0,4096,4096,4096,
20016,0,0,0,0,0,0,4096,4096,4096;

17,
3,
13012,0,0,0,0,0,0,4096,4096,4096,
13112,0,0,0,0,0,0,4096,4096,4096,
20017,0,0,0,0,0,0,4096,4096,4096;

18,
4,
13013,0,0,0,0,0,0,4096,4096,4096,
13113,0,0,0,0,0,0,4096,4096,4096,
13213,0,0,0,0,0,0,4096,4096,4096,
20018,0,0,0,0,0,0,4096,4096,4096;

19,
3,
13014,0,0,0,0,0,0,4096,4096,4096,
13114,0,0,0,0,0,0,4096,4096,4096,
20019,0,0,0,0,0,0,4096,4096,4096;

20,
3,
13015,0,0,0,0,0,0,4096,4096,4096,
13115,0,0,0,0,0,0,4096,4096,4096,
20020,0,0,0,0,0,0,4096,4096,4096;

21,
3,
13016,0,0,0,0,0,0,4096,4096,4096,
13116,0,0,0,0,0,0,4096,4096,4096,
20021,0,0,0,0,0,0,4096,4096,4096;

22,
3,
13017,0,0,0,0,0,0,4096,4096,4096,
13117,0,0,0,0,0,0,4096,4096,4096,
20022,0,0,0,0,0,0,4096,4096,4096;

23,
3,
13018,0,0,0,0,0,0,4096,4096,4096,
13118,0,0,0,0,0,0,4096,4096,4096,
20023,0,0,0,0,0,0,4096,4096,4096;

24,
3,
13019,0,0,0,0,0,0,4096,4096,4096,
13119,0,0,0,0,0,0,4096,4096,4096,
20024,0,0,0,0,0,0,4096,4096,4096;

25,
3,
13020,0,0,0,0,0,0,4096,4096,4096,
13120,0,0,0,0,0,0,4096,4096,4096,
20025,0,0,0,0,0,0,4096,4096,4096;

26,
3,
13021,0,0,0,0,0,0,4096,4096,4096,
13121,0,0,0,0,0,0,4096,4096,4096,
20026,0,0,0,0,0,0,4096,4096,4096;

27,
3,
13022,0,0,0,0,0,0,4096,4096,4096,
13122,0,0,0,0,0,0,4096,4096,4096,
20027,0,0,0,0,0,0,4096,4096,4096;

28,
3,
13023,0,0,0,0,0,0,4096,4096,4096,
13123,0,0,0,0,0,0,4096,4096,4096,
20028,0,0,0,0,0,0,4096,4096,4096;

29,
3,
13024,0,0,0,0,0,0,4096,4096,4096,
13124,0,0,0,0,0,0,4096,4096,4096,
20029,0,0,0,0,0,0,4096,4096,4096;

30,
3,
13025,0,0,0,0,0,0,4096,4096,4096,
13125,0,0,0,0,0,0,4096,4096,4096,
20030,0,0,0,0,0,0,4096,4096,4096;

31,
3,
13026,0,0,0,0,0,0,4096,4096,4096,
13126,0,0,0,0,0,0,4096,4096,4096,
20031,0,0,0,0,0,0,4096,4096,4096;

32,
3,
13027,0,0,0,0,0,0,4096,4096,4096,
13127,0,0,0,0,0,0,4096,4096,4096,
20032,0,0,0,0,0,0,4096,4096,4096;

33,
3,
13028,0,0,0,0,0,0,4096,4096,4096,
13128,0,0,0,0,0,0,4096,4096,4096,
20033,0,0,0,0,0,0,4096,4096,4096;

34,
3,
13029,0,0,0,0,0,0,4096,4096,4096,
13129,0,0,0,0,0,0,4096,4096,4096,
20034,0,0,0,0,0,0,4096,4096,4096;

35,
3,
13030,0,0,0,0,0,0,4096,4096,4096,
13130,0,0,0,0,0,0,4096,4096,4096,
20035,0,0,0,0,0,0,4096,4096,4096;

36,
5,
13031,0,0,0,0,0,0,4096,4096,4096,
13131,0,0,0,0,0,0,4096,4096,4096,
20036,0,0,0,0,0,0,4096,4096,4096,
13067,310,-50,-85,0,0,0,1024,1024,1024,
13067,-310,-50,-85,0,0,0,1024,1024,1024;

37,
5,
13037,0,0,0,0,0,0,4096,4096,4096,
13137,0,0,0,0,0,0,4096,4096,4096,
13067,0,20,-575,0,0,0,1100,1100,1300,
13067,520,-315,-425,0,0,0,900,1000,1024,
13067,-520,-315,-425,0,0,0,900,1000,1024;

38,
3,
13038,0,0,0,0,0,0,4096,4096,4096,
13138,0,0,0,0,0,0,4096,4096,4096,
20038,0,0,0,0,0,0,4096,4096,4096;

39,
4,
13039,0,0,0,0,0,0,4096,4096,4096,
13139,0,0,0,0,0,0,4096,4096,4096,
13239,0,0,0,0,0,0,4096,4096,4096,
20039,0,0,0,0,0,0,4096,4096,4096;

40,
6,
13040,0,0,0,0,0,0,4096,4096,4096,
13140,0,0,0,0,0,0,4096,4096,4096,
13067,115,55,-710,0,0,0,1024,1024,1024,
13067,85,-125,-230,0,0,0,480,480,800,
13067,-115,55,-710,0,0,0,1024,1024,1024,
13067,-85,-125,-230,0,0,0,480,480,800;

41,
3,
13041,0,0,0,0,0,0,4096,4096,4096,
13141,0,0,0,0,0,0,4096,4096,4096,
20041,0,0,0,0,0,0,4096,4096,4096;

42,
5,
13042,0,0,0,0,0,0,4096,4096,4096,
13142,0,0,0,0,0,0,4096,4096,4096,
13242,0,0,0,0,0,0,4096,4096,4096,
13068,270,-25,-695,0,0,0,2048,2048,1200,
13068,-270,-25,-695,0,0,0,2048,2048,1200;

43,
5,
13043,0,0,0,0,0,0,4096,4096,4096,
13143,0,0,0,0,0,0,4096,4096,4096,
14072,0,22,-440,0,0,0,800,800,1000,
14072,118,115,-330,0,0,0,350,350,1000,
14072,-118,115,-330,0,0,0,350,350,1000;

44,
3,
13044,0,0,0,0,0,0,4096,4096,4096,
13144,0,0,0,0,0,0,4096,4096,4096,
20044,0,0,0,0,0,0,4096,4096,4096;

45,
4,
13045,0,0,0,0,0,0,4096,4096,4096,
13145,0,0,0,0,0,0,4096,4096,4096,
13245,0,0,0,0,0,0,4096,4096,4096,
21045,0,0,0,0,0,0,4096,4096,4096;

46,
3,
13046,0,0,0,0,0,0,4096,4096,4096,
13146,0,0,0,0,0,0,4096,4096,4096,
20046,0,0,0,0,0,0,4096,4096,4096;

47,
10,
13047,0,0,0,0,0,0,4096,4096,4096,
13147,0,0,0,0,0,0,4096,4096,4096,
13070,0,150,-570,0,0,0,1600,1600,1000,
13070,205,110,-570,0,0,0,1300,1000,1000,
13070,-205,110,-570,0,0,0,1300,1000,1000,
13070,535,20,-600,0,0,0,1200,1400,1000,
13070,-535,20,-600,0,0,0,1200,1400,1000,
13070,615,0,-600,0,0,0,800,1000,1000,
13070,-615,0,-600,0,0,0,800,1000,1000,
21047,0,0,0,0,0,0,4096,4096,4096;

48,
3,
13048,0,0,0,0,0,0,4096,4096,4096,
13148,0,0,0,0,0,0,4096,4096,4096,
20048,0,0,0,0,0,0,4096,4096,4096;

49,
5,
13049,0,0,0,0,0,0,1536,1536,1536,
13149,0,0,0,0,0,0,1536,1536,1536,
13249,0,0,0,0,0,0,1536,1536,1536,
13349,0,0,0,0,0,0,1536,1536,1536,
20049,0,0,0,0,0,0,1536,1536,1536;

50,
4,
13050,0,0,0,0,0,0,4096,4096,4096,
13150,0,0,0,0,0,0,4096,4096,4096,
20050,0,0,0,0,0,0,4096,4096,4096,
21050,0,0,0,0,0,0,4096,4096,4096;

51,
3,
13051,0,0,0,0,0,0,4096,4096,4096,
13151,0,0,0,0,0,0,4096,4096,4096,
20051,0,0,0,0,0,0,4096,4096,4096;

52,
6,
13052,0,0,0,0,0,0,4096,4096,4096,
13152,0,0,0,0,0,0,4096,4096,4096,
13252,0,0,0,0,0,0,4096,4096,4096,
13352,0,0,0,0,0,0,4096,4096,4096,
21052,0,0,0,0,0,0,4096,4096,4096,
20052,0,0,0,0,0,0,4096,4096,4096;

53,
3,
13053,0,0,10,0,0,0,4096,4096,4096,
13153,0,0,10,0,0,0,4096,4096,4096,
20022,0,0,0,0,0,0,4096,4096,4096;

54,
3,
13054,0,0,10,0,0,0,4096,4096,4096,
13154,0,0,10,0,0,0,4096,4096,4096,
20030,0,0,10,0,0,0,4096,4096,4096;

55,
5,
13055,0,0,0,0,0,0,4096,4096,4096,
13155,0,0,0,0,0,0,4096,4096,4096,
14072,0,25,-600,0,0,0,600,800,2048,
14072,125,20,-750,0,0,-100,600,800,2048,
14072,-125,20,-750,0,0,100,600,800,2048;

56,
3,
13056,0,0,10,0,0,0,4096,4096,4096,
13156,0,0,10,0,0,0,4096,4096,4096,
20010,0,0,0,0,0,0,4096,4096,4096;

57,
3,
13057,0,0,0,0,0,0,4096,4096,4096,
13157,0,0,0,0,0,0,4096,4096,4096,
20001,0,0,0,0,0,0,4096,4096,4096;

58,
3,
13058,0,0,0,0,0,0,4096,4096,4096,
13158,0,0,0,0,0,0,4096,4096,4096,
20023,0,0,0,0,0,0,4096,4096,4096;

59,
7,
13059,0,0,0,0,0,0,4096,4096,4096,
13159,0,0,0,0,0,0,4096,4096,4096,
21053,0,0,0,0,0,0,4096,4096,4096,
20009,20,90,-410,0,0,0,3072,5120,3072,
20009,-20,90,-410,0,0,0,3072,5120,3072,
20009,300,15,-590,0,0,-400,6144,3072,2048,
20009,-300,15,-590,0,0,400,6144,3072,2048;

60,
6,
13060,0,0,0,0,0,0,4096,4096,4096,
13160,0,0,0,0,0,0,4096,4096,4096,
21054,0,0,0,0,0,0,4096,4096,4096,
13070,0,-10,-420,0,0,0,1700,1050,1024,
13070,130,120,-680,0,0,0,850,1300,1024,
13070,-130,120,-680,0,0,0,850,1300,1024;

61,
8,
19061,0,0,0,0,0,0,4096,4096,4096,
19161,0,0,0,0,0,0,4096,4096,4096,
19261,0,0,0,0,0,0,4096,4096,4096,
19361,0,0,0,0,0,0,4096,4096,4096,
21055,0,0,0,0,0,0,4096,4096,4096,
20009,0,130,-350,0,0,0,2048,2048,2048,
20009,490,0,0,0,0,0,2048,2048,2048,
20009,-490,0,0,0,0,0,2048,2048,2048;

62,
4,
19062,0,0,0,0,0,0,4096,4096,4096,
13067,0,20,-470,0,0,0,768,768,1024,
13067,40,-65,-470,0,0,0,768,768,1024,
13067,-40,-65,-470,0,0,0,768,768,1024;

63,
4,
19063,0,0,0,0,0,0,4096,4096,4096,
13071,0,15,-420,0,0,0,768,768,1024,
13071,130,-20,-330,0,0,0,500,500,768,
13071,-130,-20,-330,0,0,0,500,500,768;

64,
3,
19064,0,0,0,0,0,0,4096,4096,4096,
13071,110,30,-480,0,0,0,1536,1536,1536,
13071,-110,30,-480,0,0,0,1536,1536,1536;