0,16,3317,0,0,0,0,2048,0,3317,19586,0,-19573,0,0,0,3317,21,0,-19573,0,0,0,3317,19564,0,0,2048,0,-2048,3330,19742,-10225,-19817,0,-511,-2047,3311,9793,0,-22,0,1024,0,3311,9793,0,-19551,0,-1024,0,3330,19574,10225,-28,2048,-511,-2048,3311,19557,-5,-9786,2048,0,-2048,3311,-7,-5,-9786,2048,0,-2048,3330,-13,10225,-27,2048,511,-2048,3330,154,-10225,-19817,0,512,2047,3330,31,10225,-19602,0,511,0,3330,19764,-10225,-243,-2047,-256,0,3330,199,-10225,-243,-2047,512,0,3330,19596,10225,-19602,0,-512,0;
1,13,3316,0,0,0,0,2048,0,3312,-13543,471,13552,2048,0,-2048,3310,-13551,495,27390,2048,0,-2048,3330,-13530,-9698,13600,858,1024,1189,3332,-13543,10712,41236,2048,0,-2048,3312,-13543,472,41237,2048,0,-2048,3330,18,-9732,18,858,1024,1189,3311,-6893,492,6874,2048,512,-2048,3330,-13569,-9697,41266,858,1024,1189,3332,-13543,10714,13551,2048,0,-2048,3302,368,1757,53096,2048,-512,-2048,3301,-32084,491,41242,0,1024,0,3301,-32084,489,13558,0,1024,0;
2,5,3316,0,0,0,0,2048,0,3330,0,-9732,57,2048,0,0,3330,0,10718,0,2048,0,-2048,3302,-18541,492,13,2048,1024,-2048,3302,18562,492,-22,2048,-1024,-2048;
3,5,3315,0,0,0,0,2048,0,3301,-18541,-478,84,0,1024,0,3324,0,9742,0,2048,0,-2048,3306,0,-10737,0,2048,0,-2048,3301,18587,-468,42,2048,-1024,-2048;
4,8,3314,0,0,0,0,2048,0,3314,37045,0,-7,2048,0,-2048,3309,18504,571,5,0,1024,0,3324,0,10797,0,2048,0,-2048,3305,37045,-9682,-7,2048,0,-2048,3305,0,-9682,0,2048,0,-2048,3324,37045,10797,-7,2048,0,-2048,3302,-18541,571,13,2048,1024,-2048;
5,7,3313,0,0,0,0,2048,0,3329,10,10390,-28,2048,0,-2048,3304,10,-10089,-29,2048,0,-2048,3335,9533,-908,-9407,2048,0,-2048,3335,9536,-908,9620,2048,0,-2048,3335,-9354,-908,9308,2048,0,-2048,3335,-9549,-908,-9550,2048,0,-2048;
6,11,3317,0,0,0,0,2048,0,3310,8457,-11036,-8475,0,-512,0,3310,-8527,-11036,-8502,0,512,0,3329,10,10225,-28,2048,0,-2048,3304,-27,-10253,13,0,-512,0,3331,-16956,-13,-16998,2048,511,-2048,3304,-17012,-10253,-16972,0,-512,0,3331,16996,-13,-17014,0,511,0,3304,16958,-10253,-16972,0,-512,0,3335,15472,20256,-15810,2048,0,-2048,3335,-15549,20303,-15649,2048,0,-2048;
7,25,3316,0,0,0,0,2048,0,3309,13094,488,-13074,2048,511,-2048,3309,-13094,492,13126,2048,511,-2048,3309,13141,492,13100,2048,-511,-2048,3332,-26101,-9676,-26156,-2047,511,0,3327,0,10718,0,2048,0,-2048,3327,0,-9732,57,0,0,-2048,3312,26189,464,-26209,2048,511,-2048,3332,-25949,10710,25968,0,511,0,3309,-13059,492,-13088,2048,-511,-2048,3332,26162,-9681,-26116,0,512,-2048,3332,-26208,10708,-26142,0,-511,0,3312,-26194,468,-26182,2048,-511,-2048,3332,25969,10722,25948,2048,511,-2048,3312,25968,482,25948,2048,0,-2048,3332,26148,10704,-26223,2048,-512,-2048,3332,25940,-9687,26034,0,-511,-2047,3332,-25977,-9699,26014,2047,-511,0,3312,-25949,470,25969,2048,0,-2048,3334,1878,-14308,7271,2048,0,-2048,3334,-1879,-14308,-6184,2048,0,-2048,3334,10326,10407,-10827,2048,0,-2048,3334,-15863,10411,15372,2048,0,-2048,3334,-6243,-14308,1937,2048,0,-2048,3334,6317,-14308,-2791,2048,0,-2048;
8,19,3316,0,0,0,0,2048,0,3303,17956,-20194,-19050,0,0,0,3309,18006,-9931,-561,2048,0,-2048,3312,17985,-9954,17936,2048,0,-2048,3312,17977,-9955,-19108,2048,0,-2048,3310,27528,-9938,-9547,2048,-511,-2048,3321,0,-9661,0,2048,0,-2048,3321,0,10647,58,0,0,2048,3309,18504,493,5,0,1024,0,3327,0,-15877,57,0,0,-2048,3303,17948,-20195,17994,0,0,0,3303,37087,-20188,-8,2048,0,-2048,3312,37066,318,-7,2048,0,0,3303,37086,10558,49,0,0,-2048,3302,-18540,492,49,2048,1022,-2048,3327,0,16863,0,2048,0,-2048,3310,27561,-9924,9556,0,-512,0,3312,37087,-9948,-7,2048,0,-2048,3334,39356,19396,17,2048,0,-2048;
9,21,3317,0,0,0,0,2048,0,3312,-10,-8148,-34,0,0,0,3310,-3,-8125,13812,0,0,0,3312,-10,-8150,27651,0,0,0,3310,-9560,-7983,-9581,2048,-511,-2048,3328,3,-18361,-48,2047,511,0,3312,-19098,-8007,-19132,2048,-1024,-2048,3310,-19121,-18232,-33693,2048,0,-2048,3328,12,-18362,27594,2047,511,0,3328,-19059,-28457,-19093,2047,511,0,3312,-19098,-18246,-19132,2048,-1024,-2048,3328,-19080,2232,-19093,0,-511,0,3328,10,10225,-29,0,-511,0,3328,27,2089,27608,0,-511,0,3302,18576,0,-13,0,-1024,0,3312,-19099,-18252,-46817,2048,-1024,-2048,3328,-19106,-8012,-46816,0,-511,0,3328,-19057,-28463,-46834,2047,511,0,3335,-18816,-19898,-27636,0,0,0,3335,-18816,-19974,-38909,0,0,0,3334,-20019,10252,-19916,0,0,0;
10,41,3316,0,0,0,0,2048,0,3319,-32286,321,-20059,-1023,0,1536,3312,-42076,263,-10297,1023,0,-1536,3319,-36630,321,-15714,-1023,0,1536,3312,-49238,263,-3136,1024,0,511,3312,-26147,321,-26226,-1024,0,-511,3301,-40349,13571,5623,1425,-341,1646,3301,-33300,-12999,-1425,-1425,-341,401,3301,-33300,13571,-1425,1425,-341,1646,3301,-50896,-13044,-19049,-622,341,-1646,3301,-57945,-13044,-12000,-622,341,-1646,3301,-40349,-12999,5623,-1425,-341,401,3309,-13146,936,-13088,0,512,0,3303,-20,10746,0,2048,0,0,3303,0,-9760,0,2048,0,-2048,3309,13216,1244,-13073,0,-512,0,3319,32357,637,-20044,1024,0,-511,3319,36701,637,-15699,1024,0,-511,3312,26218,638,-26211,1024,0,1536,3301,33371,13958,-1411,1425,341,-1646,3312,42147,696,-10283,-1023,0,511,3312,49308,696,-3121,-1023,0,-1536,3301,33371,-12611,-1411,-1425,341,-401,3301,40420,13958,5637,1425,341,-1646,3301,57969,-12740,-11939,-622,-341,1646,3301,50920,-12740,-18988,-622,-341,1646,3301,58016,14003,-11986,622,-341,401,3301,50967,14003,-19035,622,-341,401,3334,-2290,19583,31,2048,0,-2048,3335,50950,395,4019,0,-1024,0,3335,53915,-3492,1156,0,-1024,0,3335,56301,348,-1332,0,-1024,0,3335,-53324,4076,1233,2048,0,-2048,3335,-53220,-3492,1314,2048,0,-2048,3334,2277,-18598,31,2048,0,-2048,3335,-50732,348,3700,2048,0,-2048,3335,-56083,395,-1650,2048,0,-2048,3301,40420,-12611,5637,-1425,341,-401,3335,53834,4076,1259,0,-1024,0,3301,-51005,13726,-18660,622,341,-401,3301,-57947,13726,-11982,622,341,-401;
11,12,3341,0,0,0,0,2048,0,3339,0,-24888,0,2048,0,-2048,3338,9617,-743,9617,2048,0,-2048,3342,0,-5459,0,2048,0,-2048,3340,0,-13411,0,2048,0,-2048,3338,-9617,-743,-9617,0,0,0,3338,-9617,-743,9617,0,1024,0,3338,9617,-743,-9617,0,-1024,0,3343,-10361,16461,-11524,0,0,0,3343,10361,16461,11525,2048,0,-2048,3343,11524,16461,-10361,0,-1024,0,3343,-11525,16461,10361,0,1024,0;
12,12,3341,0,0,0,0,2048,0,3339,0,-24888,0,2048,0,-2048,3338,9617,-743,9617,2048,0,-2048,3342,0,-5459,0,2048,0,-2048,3340,0,-13411,0,2048,0,-2048,3338,-9617,-743,-9617,0,0,0,3338,-9617,-743,9617,0,1024,0,3338,9617,-743,-9617,0,-1024,0,3343,-10361,16461,-11524,0,0,0,3343,10361,16461,11525,2048,0,-2048,3343,11524,16461,-10361,0,-1024,0,3343,-11525,16461,10361,0,1024,0;
13,12,3341,0,0,0,0,2048,0,3339,0,-24888,0,2048,0,-2048,3338,9617,-743,9617,2048,0,-2048,3342,0,-5459,0,2048,0,-2048,3340,0,-13411,0,2048,0,-2048,3338,-9617,-743,-9617,0,0,0,3338,-9617,-743,9617,0,1024,0,3338,9617,-743,-9617,0,-1024,0,3343,-10361,16461,-11524,0,0,0,3343,10361,16461,11525,2048,0,-2048,3343,11524,16461,-10361,0,-1024,0,3343,-11525,16461,10361,0,1024,0;
14,12,3341,0,0,0,0,2048,0,3339,0,-24888,0,2048,0,-2048,3338,9617,-743,9617,2048,0,-2048,3342,0,-5459,0,2048,0,-2048,3340,0,-13411,0,2048,0,-2048,3338,-9617,-743,-9617,0,0,0,3338,-9617,-743,9617,0,1024,0,3338,9617,-743,-9617,0,-1024,0,3343,-10361,16461,-11524,0,0,0,3343,10361,16461,11525,2048,0,-2048,3343,11524,16461,-10361,0,-1024,0,3343,-11525,16461,10361,0,1024,0;
15,12,3341,0,0,0,0,2048,0,3339,0,-24888,0,2048,0,-2048,3338,9617,-743,9617,2048,0,-2048,3342,0,-5459,0,2048,0,-2048,3340,0,-13411,0,2048,0,-2048,3338,-9617,-743,-9617,0,0,0,3338,-9617,-743,9617,0,1024,0,3338,9617,-743,-9617,0,-1024,0,3343,-10361,16461,-11524,0,0,0,3343,10361,16461,11525,2048,0,-2048,3343,11524,16461,-10361,0,-1024,0,3343,-11525,16461,10361,0,1024,0;
16,12,3341,0,0,0,0,2048,0,3339,0,-24888,0,2048,0,-2048,3338,9617,-743,9617,2048,0,-2048,3342,0,-5459,0,2048,0,-2048,3340,0,-13411,0,2048,0,-2048,3338,-9617,-743,-9617,0,0,0,3338,-9617,-743,9617,0,1024,0,3338,9617,-743,-9617,0,-1024,0,3343,-10361,16461,-11524,0,0,0,3343,10361,16461,11525,2048,0,-2048,3343,11524,16461,-10361,0,-1024,0,3343,-11525,16461,10361,0,1024,0;
17,12,3341,0,0,0,0,2048,0,3339,0,-24888,0,2048,0,-2048,3338,9617,-743,9617,2048,0,-2048,3342,0,-5459,0,2048,0,-2048,3340,0,-13411,0,2048,0,-2048,3338,-9617,-743,-9617,0,0,0,3338,-9617,-743,9617,0,1024,0,3338,9617,-743,-9617,0,-1024,0,3343,-10361,16461,-11524,0,0,0,3343,10361,16461,11525,2048,0,-2048,3343,11524,16461,-10361,0,-1024,0,3343,-11525,16461,10361,0,1024,0;
18,12,3341,0,0,0,0,2048,0,3339,0,-24888,0,2048,0,-2048,3338,9617,-743,9617,2048,0,-2048,3342,0,-5459,0,2048,0,-2048,3340,0,-13411,0,2048,0,-2048,3338,-9617,-743,-9617,0,0,0,3338,-9617,-743,9617,0,1024,0,3338,9617,-743,-9617,0,-1024,0,3343,-10361,16461,-11524,0,0,0,3343,10361,16461,11525,2048,0,-2048,3343,11524,16461,-10361,0,-1024,0,3343,-11525,16461,10361,0,1024,0;
19,12,3341,0,0,0,0,2048,0,3339,0,-24888,0,2048,0,-2048,3338,9617,-743,9617,2048,0,-2048,3342,0,-5459,0,2048,0,-2048,3340,0,-13411,0,2048,0,-2048,3338,-9617,-743,-9617,0,0,0,3338,-9617,-743,9617,0,1024,0,3338,9617,-743,-9617,0,-1024,0,3343,-10361,16461,-11524,0,0,0,3343,10361,16461,11525,2048,0,-2048,3343,11524,16461,-10361,0,-1024,0,3343,-11525,16461,10361,0,1024,0;
20,9,3315,0,0,0,0,2048,0,3310,-13873,-483,62,0,-1024,0,3333,17625,-3331,-1811,-512,-512,-1024,3318,0,-8167,0,2048,0,-2048,3303,20152,-15350,-13883,-1536,0,-1535,3306,0,-16881,0,2048,0,-2048,3312,27392,-10230,-8763,-1536,0,-1535,3301,-34966,-484,49,0,1024,0,3324,0,9742,0,2048,0,-2048;
21,7,3317,0,0,0,0,2048,0,3312,19544,-599,-70,1268,-1023,-1803,3311,9793,0,-22,0,1024,0,3330,19583,-617,-10310,1024,0,-2047,3331,10,10225,-28,2048,0,2047,3330,19561,-618,10141,1023,0,0,3331,-8,-10225,-10,0,0,2048;
22,4,3314,0,0,0,0,2048,0,3324,0,10797,0,2048,0,-2048,3305,0,-9682,0,2048,0,-2048,3302,-18540,571,13,2048,1024,-2048;
23,7,3315,0,0,0,0,2048,0,3320,-41,19489,-58,2048,0,0,3312,-16,28133,-87,2048,0,-2048,3321,0,5746,0,2048,0,-2048,3321,-20,15815,0,0,0,-2048,3307,0,-10737,0,2048,0,-2048,3324,-16,38372,-87,2048,0,-2048;
24,14,3316,0,0,0,0,2048,0,3316,-29,0,-32088,0,0,0,3330,0,10718,0,2048,0,-2048,3309,1,-24791,-15957,2047,0,0,3330,0,-9732,57,2048,0,0,3309,1,-12456,-15957,2047,0,0,3309,0,13442,-16015,2048,0,-2048,3330,-29,-9732,-32146,0,0,-2048,3302,18562,492,-22,2048,-1024,-2048,3302,-18540,492,13,2048,1024,-2048,3302,-18591,492,-32066,2048,1024,-2048,3302,18511,491,-32102,2048,-1024,-2048,3309,0,25777,-16015,2048,0,-2048,3330,-29,10719,-32088,0,0,0;
25,12,3341,0,0,0,0,2048,0,3339,0,-24888,0,2048,0,-2048,3338,9617,-743,9617,2048,0,-2048,3342,0,-5459,0,2048,0,-2048,3340,0,-13411,0,2048,0,-2048,3338,-9617,-743,-9617,0,0,0,3338,-9617,-743,9617,0,1024,0,3338,9617,-743,-9617,0,-1024,0,3343,-10361,16461,-11524,0,0,0,3343,10361,16461,11525,2048,0,-2048,3343,11524,16461,-10361,0,-1024,0,3343,-11525,16461,10361,0,1024,0;
26,12,3341,0,0,0,0,2048,0,3339,0,-24888,0,2048,0,-2048,3338,9617,-743,9617,2048,0,-2048,3342,0,-5459,0,2048,0,-2048,3340,0,-13411,0,2048,0,-2048,3338,-9617,-743,-9617,0,0,0,3338,-9617,-743,9617,0,1024,0,3338,9617,-743,-9617,0,-1024,0,3343,-10361,16461,-11524,0,0,0,3343,10361,16461,11525,2048,0,-2048,3343,11524,16461,-10361,0,-1024,0,3343,-11525,16461,10361,0,1024,0;
27,12,3341,0,0,0,0,2048,0,3339,0,-24888,0,2048,0,-2048,3338,9617,-743,9617,2048,0,-2048,3342,0,-5459,0,2048,0,-2048,3340,0,-13411,0,2048,0,-2048,3338,-9617,-743,-9617,0,0,0,3338,-9617,-743,9617,0,1024,0,3338,9617,-743,-9617,0,-1024,0,3343,-10361,16461,-11524,0,0,0,3343,10361,16461,11525,2048,0,-2048,3343,11524,16461,-10361,0,-1024,0,3343,-11525,16461,10361,0,1024,0;
28,12,3341,0,0,0,0,2048,0,3339,0,-24888,0,2048,0,-2048,3338,9617,-743,9617,2048,0,-2048,3342,0,-5459,0,2048,0,-2048,3340,0,-13411,0,2048,0,-2048,3338,-9617,-743,-9617,0,0,0,3338,-9617,-743,9617,0,1024,0,3338,9617,-743,-9617,0,-1024,0,3343,-10361,16461,-11524,0,0,0,3343,10361,16461,11525,2048,0,-2048,3343,11524,16461,-10361,0,-1024,0,3343,-11525,16461,10361,0,1024,0;
29,12,3341,0,0,0,0,2048,0,3339,0,-24888,0,2048,0,-2048,3338,9617,-743,9617,2048,0,-2048,3342,0,-5459,0,2048,0,-2048,3340,0,-13411,0,2048,0,-2048,3338,-9617,-743,-9617,0,0,0,3338,-9617,-743,9617,0,1024,0,3338,9617,-743,-9617,0,-1024,0,3343,-10361,16461,-11524,0,0,0,3343,10361,16461,11525,2048,0,-2048,3343,11524,16461,-10361,0,-1024,0,3343,-11525,16461,10361,0,1024,0;
30,10,3315,0,0,0,0,2048,0,3318,0,-8167,0,2048,0,-2048,3303,-19560,-10735,29,2048,0,-2048,3312,-19560,-496,29,2048,0,-2048,3324,-19560,9743,29,2048,0,-2048,3311,-9803,-482,-7,0,1024,0,3318,0,8216,0,2048,0,-2048,3306,0,-16881,0,2048,0,-2048,3332,0,15885,0,2048,0,-2048,3301,-38101,-477,112,0,1024,0;
31,7,3317,0,0,0,0,2048,0,3312,-19528,-13,0,2048,0,-2048,3303,10,-10253,-28,2048,0,-2048,3323,-19540,-10214,20,2047,0,0,3311,-9771,0,13,0,-1024,0,3324,-19528,10226,0,2048,0,-2048,3334,2288,-19090,2,2048,0,-2048;
32,4,3313,0,0,0,0,2048,0,3313,0,10569,0,2048,0,0,3324,-27,-10061,-12,-2047,-511,0,3324,10,20630,-29,2048,511,-2048;
33,12,3317,0,0,0,0,2048,0,3317,39057,-5,0,2048,0,-2048,3317,19550,9,-19537,0,0,0,3303,19560,-10244,-19567,2048,0,-2048,3312,19529,-18,0,2048,0,-2048,3311,19521,4,-9750,2048,0,-2048,3324,19529,10221,0,2048,0,-2048,3311,29286,-4,13,0,-1024,0,3311,9824,-4,13,0,-1024,0,3303,39068,-10258,-28,2048,0,-2048,3303,19529,-10257,0,2048,0,-2048,3303,10,-10253,-28,2048,0,-2048;
34,12,3341,0,0,0,0,2048,0,3339,0,-24888,0,2048,0,-2048,3338,9617,-743,9617,2048,0,-2048,3342,0,-5459,0,2048,0,-2048,3340,0,-13411,0,2048,0,-2048,3338,-9617,-743,-9617,0,0,0,3338,-9617,-743,9617,0,1024,0,3338,9617,-743,-9617,0,-1024,0,3343,-10361,16461,-11524,0,0,0,3343,10361,16461,11525,2048,0,-2048,3343,11524,16461,-10361,0,-1024,0,3343,-11525,16461,10361,0,1024,0;
35,6,3316,0,0,0,0,2048,0,3305,0,-9760,0,2048,0,-2048,3305,-10,10747,-26,2048,0,0,3334,10420,2347,-1078,2048,0,-2048,3334,819,34186,-56,2048,0,-2048,3334,-10307,2362,-1209,2048,0,-2048;
36,23,3317,0,0,0,0,2048,0,3318,10,-13827,-29,2048,0,-2048,3319,10,-30196,-29,2048,0,-2048,3312,19567,-22698,56,-1536,0,0,3311,-9859,88,-29,2048,-1024,-1536,3311,9705,88,-29,0,-1024,-768,3320,10,-7683,-29,2048,0,-2048,3311,-9754,-22522,38,0,1024,0,3311,9810,-22522,38,0,1024,-256,3312,10,-22541,-29,2048,0,-2048,3303,10,-38925,-29,2048,0,-2048,3304,-10,10253,-28,2047,0,0,3312,-19616,-87,-46,511,0,-2048,3312,-19490,-22682,13,-1536,0,0,3305,-19616,7153,7193,511,0,-2047,3305,19567,-15457,7296,-1536,0,0,3305,-19490,-15441,7253,-1536,0,0,3305,19441,7168,7236,511,0,-2047,3312,19441,-71,-3,511,0,-2048,3334,20406,23721,23832,2048,0,-2048,3334,-18651,23706,23789,2048,0,-2048,3334,-20449,1153,23806,2048,0,-2048,3334,20403,1138,23849,2048,0,-2048;
37,15,3317,0,0,0,0,2048,0,3312,10,-8148,33,2048,0,-2048,3310,3,-8125,-13812,2048,0,-2048,3328,19068,-38842,-46724,1271,-1024,-776,3310,9556,-18368,-37224,2048,511,-2048,3328,-3,-18361,48,0,0,-2048,3312,10,-18389,-27651,2048,0,-2048,3312,19108,-28631,-46763,2048,0,-2048,3328,-9,-28602,-27636,0,-511,-2047,3312,10,-8150,-27651,2048,0,-2048,3312,19108,-18391,-46763,2048,0,-2048,3328,19068,-8152,-46745,0,-1024,0,3328,-27,2089,-27608,0,-512,0,3302,-18576,0,13,2048,1024,-2048,3328,-10,10225,29,0,0,0;
38,14,3314,0,0,0,0,2048,0,3319,0,9286,0,2048,0,-2048,3312,19539,364,49,-1024,0,0,3319,0,-13241,0,2048,0,-2048,3311,9782,571,51,0,1024,0,3311,-9782,571,51,0,1024,0,3318,19560,307,7719,1024,0,-2048,3303,0,-21970,0,2048,0,-2048,3312,-19518,407,65,-1024,0,0,3318,-19497,350,7735,1024,0,-2048,3328,-19537,389,16421,-1560,-1023,1511,3328,19520,346,16405,-1560,-1023,1511,3327,0,16940,0,2048,0,-2048,3320,0,-7112,0,2048,0,-2048;
39,19,3316,0,0,0,0,2048,0,3321,-21,-15805,59,0,0,0,3321,-21,-9661,58,0,0,0,3326,0,16863,0,2048,0,-2048,3321,-20,6722,57,0,0,0,3310,-111,483,-13846,0,0,0,3312,-90,464,-27771,2048,0,-2048,3321,-111,6708,-27712,0,0,0,3321,-111,12852,-27713,0,0,0,3326,-111,-15890,-27770,2048,0,0,3321,-111,-9674,-27712,0,0,0,3305,-22,-22049,59,2048,0,-2048,3305,-90,23021,-27713,0,0,2048,3334,210,-21113,-25583,2048,0,-2048,3334,874,46460,-27683,2048,0,-2048,3334,-2612,23499,-395,2048,0,-2048,3334,-10307,2362,-1209,2048,0,-2048,3335,6051,8204,-30268,2048,0,-2048,3334,10420,2347,-1078,2048,0,-2048;
40,29,3317,0,0,0,0,2048,0,3310,46811,2,-32959,2048,0,-2048,3312,46818,-20,-19112,2048,0,-2048,3310,-9497,2,-9565,0,511,0,3303,45,-10252,-65907,0,0,0,3310,-19045,8,-32947,0,0,0,3303,46818,-10261,-46797,2048,0,-2048,3303,27708,-10252,-65898,2048,0,-2048,3312,27720,-18,0,2048,0,-2048,3312,-19052,-16,-19109,0,0,0,3303,46818,-10260,-19112,2048,0,-2048,3303,-10,10253,-28,2048,0,0,3303,27720,-10258,0,2048,0,-2048,3312,45,-12,-65907,0,0,0,3310,13889,0,13,0,-1024,0,3310,13876,6,-65884,0,-1024,0,3310,37267,3,-9573,2048,511,-2048,3312,-19052,-14,-46794,0,0,0,3310,37263,-2,-56342,2048,-511,-2048,3303,6,-10246,-23,2048,0,-2048,3303,-19052,-10254,-46794,0,0,0,3312,27708,-12,-65898,2048,0,-2048,3310,-9501,9,-56333,0,-512,0,3312,46818,-21,-46797,2048,0,-2048,3303,-19052,-10255,-19109,0,0,0,3335,29975,-19095,31,2048,0,-2048,3335,-21338,-19092,-19141,2048,0,-2048,3335,-2232,-19090,-65938,2048,0,-2048,3335,49096,-19098,-46766,2048,0,-2048;
41,12,3316,0,0,0,0,2048,0,3328,-20,-9733,0,2048,0,0,3309,16654,-13373,-12,978,1024,1069,3309,-16732,14344,15,0,1024,0,3328,0,10718,0,2048,0,-2048,3304,-33415,15128,11,2048,0,-2048,3327,-33416,25367,11,2048,0,-2048,3327,33351,-905,13,2048,0,-2048,3304,33351,-11145,13,2048,0,-2048,3335,1338,18144,-7,2048,0,-2048,3335,-1397,-17895,-7,2048,0,-2048,3335,34823,-21538,-17,2048,0,-2048;
42,11,3313,0,0,0,0,2048,0,3321,27,-22277,-44,2048,0,-2048,3321,10,-9989,-28,2048,0,-2048,3321,-10,10319,-29,2047,0,0,3321,-11,22607,-29,2047,0,0,3321,10,12538,-29,2048,-511,-2048,3321,-10,-12208,-28,2047,-511,0,3322,0,28837,0,2048,511,-2048,3322,17,-28507,-15,2047,-511,0,3335,23,-40366,-11,2048,0,-2048,3335,23,40781,-11,2048,0,-2048;
43,20,3316,0,0,0,0,2048,0,3333,-13832,-9841,-49,0,-1024,0,3333,-30416,-22819,0,-417,751,445,3318,-49437,-1908,-4706,-1990,208,1869,3333,-13832,-19980,-49,0,-1024,0,3312,0,-19999,0,2048,0,-2048,3333,-33038,-12920,0,-417,751,445,3304,0,-30239,0,2048,0,-2048,3312,-45631,-16270,-4706,-1990,208,1869,3312,0,-9760,0,2048,0,-2048,3312,-43009,-26169,-4706,-1990,208,1869,3320,-47863,-7847,-4706,-1990,208,1869,3304,-40410,-36030,-4680,-1990,208,1869,3329,-51401,5505,-4706,-1990,208,1869,3329,0,10718,0,2048,0,-2048,3334,-8904,1718,5662,2048,0,-2048,3334,-10307,2362,-1209,2048,0,-2048,3334,10420,2347,-1078,2048,0,-2048,3334,1471,-40632,940,2048,0,-2048,3335,-10,21711,2,2048,0,-2048;
44,14,3317,0,0,0,0,2048,0,3317,0,-10238,-33971,0,0,2048,3310,8457,797,-25495,2047,-512,0,3310,8457,-11036,-8475,0,-512,0,3304,16958,14,-16998,2047,-512,0,3329,10,-20464,-33943,0,0,2048,3304,16958,-10253,-16972,0,-512,0,3310,-8527,797,-25468,2047,512,0,3329,10,10225,-28,2048,0,-2048,3310,-8527,-11036,-8502,0,512,0,3304,-27,-10253,13,0,-512,0,3304,-17012,14,-16998,2047,-512,0,3304,-17012,-10253,-16972,0,-512,0,3304,-27,14,-33985,2047,-512,0;
45,11,3314,0,0,0,0,2048,0,3304,-7356,-10897,7402,2048,0,0,3304,7443,-10897,-7400,2048,0,0,3304,-7356,-10897,-7402,2048,0,0,3304,0,-9682,0,2048,0,-2048,3304,7443,-10897,7400,2048,0,0,3329,-7356,-21137,-7402,2047,-511,0,3329,7443,-21137,-7404,2047,512,0,3329,-7356,-21136,7402,2047,512,0,3329,7443,-21136,7400,2047,-511,0,3324,0,10797,0,2048,0,-2048;
46,16,3317,0,0,0,0,2048,0,3312,32848,-13933,-59,357,1023,-1381,3311,26060,-7402,-7,1023,512,-1023,3312,19544,-599,-70,1268,-1023,-1803,3311,26332,5910,12,1023,-512,1023,3330,32779,-13977,10110,1023,0,0,3311,9793,0,-22,0,1024,0,3331,-8,-10225,-10,0,0,2048,3330,32829,-13973,-10299,1024,0,-2047,3330,19561,-618,10141,1023,0,0,3302,-18576,0,13,2048,1024,-2048,3330,19583,-617,-10310,1024,0,-2047,3312,32848,12785,-59,357,1023,-1381,3331,10,10225,-28,2048,0,2047,3330,32829,12746,-10299,1024,0,-2047,3330,32779,12742,10110,1023,0,0;
47,9,3314,0,0,0,0,2048,0,3324,-11301,-19893,57,0,0,2048,3312,-39,-9682,18,0,-1024,0,3312,-11340,-9682,18,0,-1024,0,3324,0,-19893,57,0,0,2048,3301,-29896,-9664,49,0,1024,0,3330,-11282,557,39,105,1024,-105,3330,18,10797,39,1859,-1024,1859,3301,18562,571,-42,2048,-1024,-2048;
48,10,3315,0,0,0,0,2048,0,3330,-11301,-498,0,1859,-1024,1859,3312,11301,-10737,0,0,-1024,0,3312,-11301,-10737,0,0,-1024,0,3312,0,-10737,0,0,-1024,0,3306,0,-20977,0,0,-1024,0,3324,11340,-20949,39,0,0,2048,3306,18,9770,18,-978,1024,-1069,3330,11358,-498,20,105,1024,-105,3324,-11261,-20949,39,0,0,2048;
49,16,3317,0,0,0,0,2048,0,3311,9793,0,-64,0,1024,0,3312,19197,-508,-73,2047,511,-2048,3332,46215,-10730,-59,748,1024,1299,3332,19197,-10721,-47,748,1024,1299,3301,19438,462,33361,2048,0,-2048,3310,-9220,462,-9886,2048,-512,-2048,3310,-20805,462,-21471,2048,-512,-2048,3304,10,-10254,-28,2048,0,-2048,3310,19415,462,12268,2048,0,-2048,3310,32717,-489,566,2048,-1024,-2048,3312,46215,-518,-85,2047,511,-2048,3324,18373,9719,-88,2048,0,-2048,3324,46198,9721,-101,2048,0,-2048,3332,-30214,-10678,-29581,0,511,2047,3312,-30228,-508,-29628,-2048,0,2048;
50,12,3341,0,0,0,0,2048,0,3339,0,-24888,0,2048,0,-2048,3338,9617,-743,9617,2048,0,-2048,3342,0,-5459,0,2048,0,-2048,3340,0,-13411,0,2048,0,-2048,3338,-9617,-743,-9617,0,0,0,3338,-9617,-743,9617,0,1024,0,3338,9617,-743,-9617,0,-1024,0,3343,-10361,16461,-11524,0,0,0,3343,10361,16461,11525,2048,0,-2048,3343,11524,16461,-10361,0,-1024,0,3343,-11525,16461,10361,0,1024,0;
51,12,3341,0,0,0,0,2048,0,3339,0,-24888,0,2048,0,-2048,3338,9617,-743,9617,2048,0,-2048,3342,0,-5459,0,2048,0,-2048,3340,0,-13411,0,2048,0,-2048,3338,-9617,-743,-9617,0,0,0,3338,-9617,-743,9617,0,1024,0,3338,9617,-743,-9617,0,-1024,0,3343,-10361,16461,-11524,0,0,0,3343,10361,16461,11525,2048,0,-2048,3343,11524,16461,-10361,0,-1024,0,3343,-11525,16461,10361,0,1024,0;
52,12,3341,0,0,0,0,2048,0,3339,0,-24888,0,2048,0,-2048,3338,9617,-743,9617,2048,0,-2048,3342,0,-5459,0,2048,0,-2048,3340,0,-13411,0,2048,0,-2048,3338,-9617,-743,-9617,0,0,0,3338,-9617,-743,9617,0,1024,0,3338,9617,-743,-9617,0,-1024,0,3343,-10361,16461,-11524,0,0,0,3343,10361,16461,11525,2048,0,-2048,3343,11524,16461,-10361,0,-1024,0,3343,-11525,16461,10361,0,1024,0;
53,12,3341,0,0,0,0,2048,0,3339,0,-24888,0,2048,0,-2048,3338,9617,-743,9617,2048,0,-2048,3342,0,-5459,0,2048,0,-2048,3340,0,-13411,0,2048,0,-2048,3338,-9617,-743,-9617,0,0,0,3338,-9617,-743,9617,0,1024,0,3338,9617,-743,-9617,0,-1024,0,3343,-10361,16461,-11524,0,0,0,3343,10361,16461,11525,2048,0,-2048,3343,11524,16461,-10361,0,-1024,0,3343,-11525,16461,10361,0,1024,0;
54,12,3341,0,0,0,0,2048,0,3339,0,-24888,0,2048,0,-2048,3338,9617,-743,9617,2048,0,-2048,3342,0,-5459,0,2048,0,-2048,3340,0,-13411,0,2048,0,-2048,3338,-9617,-743,-9617,0,0,0,3338,-9617,-743,9617,0,1024,0,3338,9617,-743,-9617,0,-1024,0,3343,-10361,16461,-11524,0,0,0,3343,10361,16461,11525,2048,0,-2048,3343,11524,16461,-10361,0,-1024,0,3343,-11525,16461,10361,0,1024,0;
55,11,3314,0,0,0,0,2048,0,3314,27684,0,0,2048,0,-2048,3310,13853,571,77,0,-1024,0,3305,27684,-9682,0,2048,0,-2048,3305,27664,10824,0,-2048,0,0,3305,0,-9682,0,2048,0,-2048,3305,-20,10824,0,-2048,0,0,3334,-980,34264,-30,2048,0,-2048,3334,959,-33122,-1000,2048,0,-2048,3334,28649,-33122,-30,2048,0,-2048,3334,26699,34264,-30,2048,0,-2048;
56,25,3315,0,0,0,0,2048,0,3309,60,-10035,-13746,0,1024,0,3312,0,-10737,0,2048,0,-2048,3319,18626,-10791,-6189,-1024,0,0,3319,18626,-10791,-45,-1024,0,0,3312,-18418,-10791,-13842,-1024,0,0,3320,18647,-10791,7130,-1023,0,-2048,3312,18627,-10791,-13842,-1024,0,0,3319,-18418,-10791,-6189,-1024,0,0,3301,31045,2430,14666,1024,-511,1024,3320,-18397,-10791,7130,-1023,0,-2048,3319,0,-18391,0,2048,0,-2048,3303,0,-27121,0,2048,0,-2048,3312,18623,-10877,14757,1024,0,0,3309,60,-10035,14660,0,1024,0,3301,31045,2430,-13748,1024,-511,1024,3301,-30699,2688,14686,1023,511,-1023,3301,-30698,2688,-13727,1023,511,-1023,3312,-18421,-10877,14757,1024,0,0,3332,0,9742,0,2048,511,-2048,3319,-18418,-10791,-45,-1024,0,0,3335,18708,-7064,21081,2048,0,-2048,3335,999,28001,819,2048,0,-2048,3334,-1976,-32364,1750,2048,0,-2048,3335,-18634,-7064,21081,2048,0,-2048;
57,21,3317,0,0,0,0,2048,0,3304,19106,-10263,-19141,2048,0,-2048,3329,-19467,10226,60161,2048,0,-2048,3311,-9725,495,-30,0,1024,0,3329,10,10225,-28,2048,0,-2048,3310,8891,957,8544,2048,-512,-2048,3310,10023,5,-9135,0,-512,0,3332,28,-10226,-9,2047,511,0,3310,-19461,957,46695,0,0,0,3310,-19461,957,30311,0,0,0,3301,23822,957,23443,2048,-511,-2048,3304,-19508,-9759,5,2048,0,-2048,3312,-19508,480,5,-2048,0,2048,3310,-19461,957,13927,0,0,0,3329,19106,10216,-19142,2048,0,-2048,3312,19106,-23,-19141,-2048,0,2048,3332,-19481,-10183,60159,2048,0,0,3312,-19505,-13,60203,0,-511,0,3335,0,21415,-26,2048,0,-2048,3335,-19478,21391,60164,2048,0,-2048,3335,19095,21488,-19139,2048,0,-2048;
58,12,3341,0,0,0,0,2048,0,3339,0,-24888,0,2048,0,-2048,3338,9617,-743,9617,2048,0,-2048,3342,0,-5459,0,2048,0,-2048,3340,0,-13411,0,2048,0,-2048,3338,-9617,-743,-9617,0,0,0,3338,-9617,-743,9617,0,1024,0,3338,9617,-743,-9617,0,-1024,0,3343,-10361,16461,-11524,0,0,0,3343,10361,16461,11525,2048,0,-2048,3343,11524,16461,-10361,0,-1024,0,3343,-11525,16461,10361,0,1024,0;
59,12,3341,0,0,0,0,2048,0,3339,0,-24888,0,2048,0,-2048,3338,9617,-743,9617,2048,0,-2048,3342,0,-5459,0,2048,0,-2048,3340,0,-13411,0,2048,0,-2048,3338,-9617,-743,-9617,0,0,0,3338,-9617,-743,9617,0,1024,0,3338,9617,-743,-9617,0,-1024,0,3343,-10361,16461,-11524,0,0,0,3343,10361,16461,11525,2048,0,-2048,3343,11524,16461,-10361,0,-1024,0,3343,-11525,16461,10361,0,1024,0;
60,12,3341,0,0,0,0,2048,0,3339,0,-24888,0,2048,0,-2048,3338,9617,-743,9617,2048,0,-2048,3342,0,-5459,0,2048,0,-2048,3340,0,-13411,0,2048,0,-2048,3338,-9617,-743,-9617,0,0,0,3338,-9617,-743,9617,0,1024,0,3338,9617,-743,-9617,0,-1024,0,3343,-10361,16461,-11524,0,0,0,3343,10361,16461,11525,2048,0,-2048,3343,11524,16461,-10361,0,-1024,0,3343,-11525,16461,10361,0,1024,0;
61,12,3341,0,0,0,0,2048,0,3339,0,-24888,0,2048,0,-2048,3338,9617,-743,9617,2048,0,-2048,3342,0,-5459,0,2048,0,-2048,3340,0,-13411,0,2048,0,-2048,3338,-9617,-743,-9617,0,0,0,3338,-9617,-743,9617,0,1024,0,3338,9617,-743,-9617,0,-1024,0,3343,-10361,16461,-11524,0,0,0,3343,10361,16461,11525,2048,0,-2048,3343,11524,16461,-10361,0,-1024,0,3343,-11525,16461,10361,0,1024,0;
62,12,3341,0,0,0,0,2048,0,3339,0,-24888,0,2048,0,-2048,3338,9617,-743,9617,2048,0,-2048,3342,0,-5459,0,2048,0,-2048,3340,0,-13411,0,2048,0,-2048,3338,-9617,-743,-9617,0,0,0,3338,-9617,-743,9617,0,1024,0,3338,9617,-743,-9617,0,-1024,0,3343,-10361,16461,-11524,0,0,0,3343,10361,16461,11525,2048,0,-2048,3343,11524,16461,-10361,0,-1024,0,3343,-11525,16461,10361,0,1024,0;
63,12,3341,0,0,0,0,2048,0,3339,0,-24888,0,2048,0,-2048,3338,9617,-743,9617,2048,0,-2048,3342,0,-5459,0,2048,0,-2048,3340,0,-13411,0,2048,0,-2048,3338,-9617,-743,-9617,0,0,0,3338,-9617,-743,9617,0,1024,0,3338,9617,-743,-9617,0,-1024,0,3343,-10361,16461,-11524,0,0,0,3343,10361,16461,11525,2048,0,-2048,3343,11524,16461,-10361,0,-1024,0,3343,-11525,16461,10361,0,1024,0;
64,12,3341,0,0,0,0,2048,0,3339,0,-24888,0,2048,0,-2048,3338,9617,-743,9617,2048,0,-2048,3342,0,-5459,0,2048,0,-2048,3340,0,-13411,0,2048,0,-2048,3338,-9617,-743,-9617,0,0,0,3338,-9617,-743,9617,0,1024,0,3338,9617,-743,-9617,0,-1024,0,3343,-10361,16461,-11524,0,0,0,3343,10361,16461,11525,2048,0,-2048,3343,11524,16461,-10361,0,-1024,0,3343,-11525,16461,10361,0,1024,0;
65,19,3317,0,0,0,0,2048,0,3310,-13867,0,459,0,1024,0,3310,13889,0,459,0,1024,0,3332,-27707,-10183,533,0,511,2047,3312,-27720,-13,485,-2048,0,2048,3303,-10,16397,-28,2048,0,0,3312,27736,-18,491,179,-1023,234,3310,-116,-9,-13882,2048,0,-2048,3332,27783,-10188,477,2047,511,0,3303,10,-16398,-28,2048,0,-2048,3332,-37,-10204,-27426,1271,-1024,-776,3319,10,8715,-28,2048,0,-2048,3321,10,-10154,-28,2048,0,-2048,3312,6,-34,-27402,0,512,0,3301,421,-13049,-44460,0,0,0,3301,-40075,-13028,12253,2048,511,2048,3301,39504,-13033,12846,2048,-511,2047,3334,-2288,25235,3,2048,0,-2048,3334,2272,-25987,2,2048,0,-2048;
66,7,3310,13853,492,-22,0,1024,0,3308,27698,-9724,44,2047,511,-2047,3312,27685,473,0,2048,0,-2048,3326,-20,10718,57,0,0,0,3326,27664,10713,57,0,0,0,3308,-38,-9760,42,0,-512,0,3316,0,0,0,0,2048,0;
67,17,3319,10,-32079,-28,2048,0,-2048,3320,-10,-26967,-28,2047,0,0,3318,10,21152,-29,2048,0,-2048,3319,27,-13647,-12,2048,0,-2048,3318,10,-19807,-28,2048,0,-2048,3321,10,6394,-29,0,0,0,3319,-10,27312,29,2048,0,-2048,3319,10,15024,-29,2048,0,-2048,3303,10,-40808,-28,2048,0,-2048,3320,27,-7519,-12,2048,0,-2048,3328,6,34966,45,2048,511,-2048,3334,-1965,-46052,1721,2048,0,-2048,3335,7508,-22029,7493,2048,0,-2048,3335,-7486,-22029,7493,2048,0,-2048,3335,-7486,-22115,-7499,2048,0,-2048,3335,7514,-22119,-7494,2048,0,-2048,3313,0,0,0,0,2048,0;
68,24,3318,0,-13334,0,2048,0,-2048,3319,0,9208,0,2048,0,-2048,3310,-46300,741,158,0,-1024,0,3310,-29916,741,158,0,-1024,0,3310,-13532,741,158,0,-1024,0,3312,-60203,-9606,-1,2048,0,-2048,3310,-46300,-9110,158,0,-1024,0,3325,-60203,10871,-1,2048,0,2047,3319,0,-7175,0,2048,0,-2048,3301,-25207,-9110,125,0,-1024,0,3318,0,15336,0,2048,0,-2048,3312,-60203,632,-1,2048,0,-2048,3328,0,-22021,57,0,0,-2048,3325,-60224,-19818,-1,2047,0,0,3301,-78338,-9588,136,0,1024,0,3318,0,21480,0,2048,0,-2048,3301,18562,492,136,0,-1024,0,3328,17,29150,15,2048,0,-2048,3333,-74035,651,-686,0,-1024,0,3335,-54647,-28107,-78,2048,0,-2048,3335,-60160,-28107,-5590,2048,0,-2048,3335,-60296,-28107,5570,2048,0,-2048,3335,-65808,-28107,57,2048,0,-2048,3316,0,0,0,0,2048,0;
69,11,3311,-9771,0,-64,0,1024,0,3311,9793,0,-64,0,1024,0,3312,19528,-508,-62,-2048,0,2048,3312,-19528,-508,-62,-2048,0,2048,3332,-19515,-10678,-14,0,511,2047,3306,9,-10253,-28,2048,0,-2048,3332,19547,-10721,-44,2047,511,0,3332,-19528,9730,-63,0,511,0,3322,0,10239,0,0,1024,0,3332,19508,9730,-4,2048,511,-2048,3317,0,0,0,0,2048,0;
70,14,3316,0,0,0,0,2048,0,3316,37044,-5,-7,2048,0,-2048,3309,18562,492,-22,0,-1024,0,3312,0,10718,0,2048,0,-2048,3312,0,-9760,0,2048,0,-2048,3309,18562,10731,-22,0,-1024,0,3309,18562,-9747,-22,0,-1024,0,3303,37045,-20005,-8,2048,0,-2048,3312,37044,-9765,-7,2048,0,-2048,3312,37045,10712,-8,2048,0,-2048,3326,37044,20952,-7,2048,0,-2048,3302,-18551,516,42,2048,1024,-2048,3326,0,20957,0,2048,0,-2048,3303,0,-19999,0,2048,0,-2048;
71,10,3316,0,0,0,0,2048,0,3311,9757,1763,-22,0,1024,0,3328,17662,1224,10822,-707,1023,1731,3304,17662,1224,582,-707,1023,1731,3309,34332,1924,-7,0,1024,0,3302,-18540,1763,13,2048,1024,-2048,3328,51044,1224,10801,-707,1023,1731,3304,51044,1224,561,-707,1023,1731,3304,18,-9760,39,2048,1023,2047,3334,48,-20154,1505,2048,0,-2048;
72,22,3316,0,0,0,0,2048,0,3312,0,10687,0,2048,0,-2048,3312,11300,10671,0,2048,0,-2048,3312,22601,10655,0,2048,0,-2048,3303,22597,457,29,2048,0,-2048,3331,-11339,20943,42,0,-511,0,3303,11300,431,0,2048,0,-2048,3312,-11300,10703,0,2048,0,-2048,3331,-38,20926,42,0,-511,0,3303,-11305,505,29,2048,0,-2048,3304,0,-9760,0,2048,0,-2048,3331,11262,20910,42,0,-511,0,3331,22563,20894,42,0,-511,0,3331,-22622,20958,57,0,-511,0,3312,-22601,10719,0,2048,0,-2048,3303,-22601,479,0,2048,0,-2048,3335,-1326,41443,-1448,2048,0,-2048,3335,-23854,41443,-1448,2048,0,-2048,3334,-24624,-4764,1735,2048,0,-2048,3334,24875,-8380,60,2048,0,-2048,3334,-11314,-3228,2672,2048,0,-2048,3335,21319,41443,-1448,2048,0,-2048;
73,22,3316,0,0,0,0,2048,0,3312,0,-22047,0,2048,0,-2048,3301,18562,492,179,2048,-1024,-2048,3312,11301,-22064,0,2048,0,-2048,3319,0,-13318,0,2048,0,-2048,3319,0,-7174,0,2048,0,-2048,3312,-11301,-22031,0,2048,0,-2048,3303,11301,-32303,0,2048,0,-2048,3303,0,-32287,0,2048,0,-2048,3303,-11305,-32229,29,2048,0,-2048,3312,11301,-22064,11300,2048,0,-2048,3303,-4,-32245,11330,2048,0,-2048,3301,-18540,492,179,0,1024,0,3312,0,-22047,11301,2048,0,-2048,3303,-11305,-32229,11330,2048,0,-2048,3303,11296,-32261,11330,2048,0,-2048,3312,-11301,-22031,11301,2048,0,-2048,3326,0,10718,0,2048,0,-2048,3334,-13327,-37473,13065,2048,0,-2048,3334,13574,-41099,11361,2048,0,-2048,3334,-13,-35979,13928,2048,0,-2048,3334,-2658,17354,-410,2048,0,-2048;
74,19,3317,0,0,0,0,2048,0,3309,-11599,10697,-12987,2048,-511,-2048,3310,-13867,0,-44,0,-1024,0,3303,-24770,444,-26059,-2048,0,2048,3319,-1502,8710,-25942,2048,511,-2048,3309,-14560,0,-12808,0,-512,0,3303,-1519,-10258,-25957,-2048,0,2048,3312,-1502,-18,-25942,2048,511,-2048,3309,-14255,16090,-13527,2048,512,-2048,3312,-1502,16365,-25942,2048,511,-2048,3312,-27387,16364,-36,2048,511,-2048,3319,-27387,8711,-36,2048,511,-2048,3329,-27405,26604,-52,2048,0,-2048,3312,-27387,-18,-36,2048,511,-2048,3312,27,10225,-12,2048,511,-2048,3312,-24753,10684,-26043,2048,511,-2048,3303,-27405,-10257,-52,-2048,0,2048,3329,-1519,26605,-25958,2048,0,-2048,3303,10,-10254,-28,-2048,0,2048;
75,3,3317,0,0,0,0,2048,0,3330,199,-10225,-243,-2047,512,0,3330,-13,10225,-27,2048,511,-2048;
76,3,3313,0,0,0,0,2048,0,3330,10,10390,-28,2048,0,-2048,3305,10,-10088,-28,2048,0,-2048;
77,3,3313,0,0,0,0,2048,0,3304,10,-10089,-29,2048,0,-2048,3324,10,10390,-29,2048,0,-2048;
78,6,3315,0,0,0,0,2048,0,3324,0,9742,0,2048,0,-2048,3303,0,-10736,0,2048,0,-2048,3301,-18540,-478,84,0,1024,0,3334,-8,-15123,2643,2048,0,-2048,3334,2270,-19573,31,2048,0,-2048;
79,2,3314,0,0,0,0,2048,0,3330,0,-9654,58,0,0,2048;
80,4,3314,0,0,0,0,2048,0,3302,-18540,571,137,2048,1024,-2048,3308,0,-9682,0,2048,0,-2048,3308,18,10824,18,748,1024,1299;
81,15,3316,0,0,0,0,2048,0,3303,13354,-9754,13270,2048,-1,-2048,3303,13267,-9763,-13357,2048,-1,-2048,3312,13267,476,-13357,2048,-1,-2048,3311,6631,500,-6696,2048,510,-2048,3331,-20,-9733,0,2047,-1,0,3311,6672,494,6646,2048,-513,-2048,3312,13354,484,13270,2048,-1,-2048,3302,-18540,492,65,2048,1022,-2048,3326,13267,10715,-13356,2048,-1,-2048,3331,-20,10718,57,0,1,0,3326,13354,10724,13271,2048,-1,-2048,3334,-2041,-29709,351,2048,0,-2048,3334,-1773,30962,73,2048,0,-2048,3334,-36647,-2634,80,2048,0,-2048;
82,5,3315,0,0,0,0,2048,0,3332,-20,-10709,0,2047,0,0,3332,0,9742,0,2048,0,-2048,3302,-18582,-483,57,2048,1024,-2048,3302,18587,-468,29,2048,-1024,-2048;
83,5,3313,0,0,0,0,2048,0,3321,10,-9989,-29,2048,0,-2048,3304,10,-16232,-29,2048,0,-2048,3327,10,10390,-28,2048,0,-2048,3302,-18540,187,13,2048,1024,-2048;
84,28,3315,0,0,0,0,2048,0,3312,-19500,-10877,42,1024,0,0,3311,-9764,-10718,68,0,1024,0,3312,19557,-10893,85,1024,0,0,3312,0,-10737,0,2048,0,-2048,3320,-21,-25567,0,2047,0,0,3319,0,-18391,0,2048,0,-2048,3311,9800,-10718,68,0,1024,0,3320,19581,-10807,-7541,-1023,0,-2048,3319,-19500,-10820,7724,-1024,0,0,3318,19581,-10807,-13684,-1023,0,2048,3319,19581,-10807,-19812,-1023,0,-2048,3319,-19475,-10791,14845,-1023,0,-2048,3318,-19476,-10791,-13728,-1023,0,2048,3320,-20,-31710,1,0,0,-2048,3320,-19475,-10791,-7584,-1023,0,-2048,3319,-19476,-10791,-19856,-1023,0,-2048,3319,19581,-10807,14888,-1023,0,-2048,3319,19557,-10836,7767,-1024,0,0,3303,-19476,-10791,-28585,-1023,0,2048,3303,-19496,-10790,22526,-1024,0,0,3303,-19,-39407,-56,2048,0,-2048,3320,0,7199,57,0,0,-2048,3303,-21,15913,-1,2048,0,0,3303,19561,-10806,22569,-1024,0,0,3303,19581,-10807,-28542,-1023,0,2048,3334,2258,-48244,-24,2048,0,-2048,3334,-2299,24750,30,2048,0,-2048;
85,7,3317,0,0,0,0,2048,0,3312,0,-29,-19528,2048,0,-2048,3323,-11,-10230,-19508,2047,0,0,3311,-7,-5,-9786,2048,0,-2048,3302,-18576,0,13,2048,1024,-2048,3324,0,10210,-19529,2048,0,-2048,3303,10,-10253,-28,2048,0,-2048;
86,16,3314,0,0,0,0,2048,0,3311,9782,572,-36,0,1024,0,3312,19186,62,-45,2047,511,-2048,3324,-1595,-10107,-43214,2047,0,0,3310,-638,1033,-14400,2048,0,-2048,3310,-638,1033,-30784,2048,0,-2048,3304,0,-9682,0,2048,0,-2048,3310,19405,1033,12296,2048,0,-2048,3310,32707,81,595,2048,-1024,-2048,3324,46143,-10116,-55,2048,0,0,3304,19169,-10177,-60,2048,0,-2048,3312,46205,53,-57,2047,511,-2048,3312,-1533,62,-43216,2047,511,-2048,3301,19428,1033,33390,2048,0,-2048,3324,-1550,10302,-43232,2048,0,-2048,3324,46187,10293,-73,2048,0,-2048;
87,17,3314,0,0,0,0,2048,0,3312,-55,-9682,26,0,-512,0,3324,0,10797,0,2048,0,-2048,3309,13053,-9664,13076,0,511,0,3303,0,-19921,0,2048,511,-2048,3330,26096,-19905,-26129,-2047,512,0,3309,-13165,-9664,-13024,2048,-511,-2048,3309,-13106,-9664,13135,0,-512,0,3309,12994,-9664,-13083,2048,512,-2048,3330,26114,-19905,26218,0,511,-2047,3312,26137,-9693,-26170,2048,511,-2048,3312,-26248,-9693,26222,0,-512,0,3330,-26192,-19904,26222,0,-512,2047,3312,26141,-9693,26219,0,512,0,3312,-26252,-9693,-26166,2048,-512,-2048,3330,-26211,-19904,-26125,-2047,-511,0,3334,1588,-28759,1632,2048,0,-2048;
88,17,3315,0,0,0,0,2048,0,3318,0,-18408,0,2048,0,-2048,3312,-18817,-11281,181,2048,0,-2048,3312,0,-10737,0,2048,0,-2048,3311,-9735,-10718,10,0,1024,0,3318,-18817,-18951,181,2048,0,-2048,3318,19486,-18407,0,2048,0,-2048,3312,19486,-10737,0,2048,0,-2048,3312,19486,-497,0,2048,0,-2048,3312,19486,9742,0,2048,0,-2048,3311,9751,-10718,10,0,1024,0,3330,-18798,-1041,220,105,1024,-105,3308,19448,-27121,42,0,-512,0,3308,-18817,-27665,181,2048,0,-2048,3330,18,9742,39,105,1024,-105,3330,19505,19981,39,105,1024,-105,3308,-38,-27121,42,0,512,0;
89,16,3317,0,0,0,0,2048,0,3317,19564,0,0,2048,0,-2048,3317,19586,0,-19573,0,0,0,3317,21,0,-19573,0,0,0,3311,9793,0,-22,0,1024,0,3311,9793,0,-19551,0,-1024,0,3324,19575,-10226,-19603,2047,0,0,3311,19557,-5,-9786,2048,0,-2048,3311,-7,-5,-9786,2048,0,-2048,3324,19575,10226,-29,2048,0,-2048,3324,10,10226,-29,2048,0,-2048,3324,19597,-10226,-29,2047,0,0,3324,11,-10226,-19603,2047,0,0,3324,32,-10226,-29,2047,0,0,3324,31,10226,-19603,2048,0,-2048,3324,19596,10226,-19603,2048,0,-2048;
90,23,3317,0,0,0,0,2048,0,3303,-36850,-22557,-36528,2048,-511,-2048,3319,28,-7668,-12,2048,0,-2048,3318,10,-13828,-28,2048,0,-2048,3303,10,-22542,-28,2048,0,-2048,3319,-36826,-7684,-36529,2048,0,-2048,3312,-36785,-18,32,2048,0,-2048,3309,-18305,0,-22,2048,-1023,-2048,3309,-36746,0,-18068,0,0,0,3318,-36850,-13844,-36528,2048,0,-2048,3318,-36809,-13790,33,2048,-511,-2048,3320,-36785,-19934,31,2048,-511,-2048,3320,-36790,-7646,61,2048,-511,-2048,3303,-36804,-40936,3,2048,-511,-2048,3312,-36826,-30,-36529,2048,0,-2048,3326,-36809,10221,33,2048,-511,-2048,3319,-36781,-32207,2,2048,-511,-2048,3326,-13,10225,-27,2048,-511,-2048,3326,-36850,10209,-36527,2048,-511,-2048,3318,-36804,-26078,3,0,512,0,3334,-38936,16856,1601,2048,0,-2048,3334,2280,-31379,3,2048,0,-2048,3334,-35217,-31395,-38116,2048,0,-2048;
91,21,3317,0,0,0,0,2048,0,3311,6960,0,6903,0,511,0,3310,-9219,462,-9886,2048,-512,-2048,3310,-20805,462,-21471,2048,-512,-2048,3310,22724,-489,23559,2048,-511,-2048,3312,-30228,-509,-29628,2048,0,-2048,3312,13598,-508,13507,0,-1024,0,3310,-39873,462,-20216,2048,511,-2048,3303,-30228,-10748,-29628,2048,0,-2048,3303,10,-10253,-29,2048,0,-2048,3310,23208,462,4067,0,-511,0,3327,-30228,9730,-29628,2048,0,-2048,3301,-54772,462,-5284,2048,511,-2048,3303,13598,-10748,13507,2048,0,-2048,3301,38107,462,-10863,0,-512,0,3312,32672,-518,32621,0,-1024,0,3327,32711,9721,32603,2048,0,-2048,3303,32711,-10758,32603,2048,0,-2048,3334,15876,-19586,13538,2048,0,-2048,3334,-27950,-19586,-29597,2048,0,-2048,3334,34981,-19595,32634,2048,0,-2048;
92,25,3316,0,0,0,0,2048,0,3316,-37023,0,0,0,0,0,3331,-37002,10718,-58,2048,0,2047,3309,-18540,492,13,0,1024,0,3312,13304,476,-13320,2048,0,-2048,3303,13316,-9754,13307,2048,0,-2048,3331,-20,-9733,0,2047,0,0,3311,6650,500,-6677,2048,511,-2048,3303,13304,-9763,-13320,2048,0,-2048,3311,-43673,499,6676,0,-512,0,3311,-43678,494,-6665,0,511,0,3311,6654,494,6664,2048,-511,-2048,3326,13316,10724,13308,2048,0,-2048,3312,-50340,484,-13308,0,0,0,3326,13304,10715,-13319,2048,0,-2048,3312,13316,484,13307,2048,0,-2048,3331,-20,10718,57,0,0,0,3303,-50340,-9755,-13308,0,0,0,3312,-50328,475,13319,0,0,0,3326,-50328,10715,13318,0,0,0,3303,-50328,-9763,13319,0,0,0,3326,-50340,10724,-13309,0,0,0,3331,-37002,-9733,0,0,0,-2048,3335,-1903,31152,-115,2048,0,-2048,3335,-35128,31122,288,2048,0,-2048;
93,11,3316,0,0,0,0,2048,0,3309,18462,492,-94,0,1024,0,3320,37002,-7195,-191,2048,0,-2048,3319,37002,-13323,-191,2048,0,-2048,3312,37002,474,-191,2048,0,-2048,3326,37002,23001,-191,2048,0,-2048,3326,36982,-22025,-191,2047,0,0,3306,0,-9760,0,2048,0,-2048,3319,37002,9203,-191,2048,0,-2048,3320,37002,15331,-191,2048,0,-2048,3327,0,10718,0,2048,0,-2048;
94,12,3316,0,0,0,0,2048,0,3305,0,-9760,0,2048,0,-2048,3309,-11733,-17063,6404,0,-682,0,3309,31,-17064,-13937,2048,0,-2048,3305,-8,-22659,-30642,2048,0,-2048,3309,11766,-17064,6422,0,682,0,3305,-26130,-12391,14763,2047,682,0,3305,-26180,-22658,14792,0,-682,0,3305,26203,-12392,14711,2047,-682,0,3305,-8,-12391,-30584,0,0,-2048,3305,26253,-22660,14740,0,682,0,3305,-10,10747,-26,2048,0,0;
95,16,3315,0,0,0,0,2048,0,3310,-30257,-483,52,0,-1024,0,3303,0,-10737,0,2048,0,-2048,3310,-13873,-483,52,0,-1024,0,3312,-43953,-519,-11167,-2048,0,2048,3312,-43953,-519,133,-2048,0,2048,3332,-43974,9720,191,0,-512,0,3312,-55254,-503,-11167,-2048,0,2048,3332,-43935,-10731,-11148,2047,-511,0,3332,-55236,-10715,-11148,0,-512,-2047,3326,0,9742,0,2048,0,-2048,3332,-55275,9736,-11109,2048,511,-2048,3332,-43974,9720,-11109,0,511,0,3332,-43935,-10731,152,2047,511,0,3334,-2612,16378,-395,2048,0,-2048,3334,2270,-19574,31,2048,0,-2048;
96,16,3316,0,0,0,0,2048,0,3311,9757,492,-22,0,1024,0,3311,-9735,492,13,0,-1024,0,3318,17635,-2045,-26,0,1024,0,3323,17616,-10732,-7,0,0,-2048,3308,0,-9760,0,2048,-511,-2048,3318,-17613,-2045,17,0,-1024,0,3323,17595,5624,-7,0,0,0,3301,-2773,18513,18,1024,0,1024,3323,-17574,5624,-1,2048,0,-2048,3323,-17595,-10732,-1,2048,0,0,3301,2752,18513,39,1024,0,-1023,3334,-17545,-16109,-4480,2048,0,-2048,3334,-17610,-16109,4629,2048,0,-2048,3334,17566,-16109,4476,2048,0,-2048,3334,17631,-16109,-4638,2048,0,-2048;
97,11,3314,0,0,0,0,2048,0,3314,-20,11381,0,2048,0,0,3329,0,21036,0,2048,0,-2048,3321,0,-9583,0,2048,0,-2048,3305,0,-15827,0,2048,0,-2048,3303,-668,14116,-708,2048,0,-2048,3335,13223,-2954,13213,2048,0,-2048,3335,-13176,-2954,13127,2048,0,-2048,3335,-13346,-2954,-13070,2048,0,-2048,3335,13284,-2958,-13420,2048,0,-2048,3334,-829,-39266,-30,2048,0,-2048;
98,12,3317,0,0,0,0,2048,0,3310,-13867,23,-77,0,-1024,0,3331,10,-10226,29,0,0,2048,3312,-27710,-13,-29,2048,0,-2048,3301,-27700,4,-18584,0,0,0,3332,-27710,10226,-29,2048,0,-2048,3331,-27735,-10183,0,2047,0,0,3301,-27700,4,18518,2048,0,-2048,3332,-10,10226,28,0,0,0,3335,-29618,-30768,173,2048,0,-2048,3335,-27658,-2515,-29363,2048,0,-2048,3335,1897,-30810,-173,2048,0,-2048;
99,10,3316,0,0,0,0,2048,0,3319,0,-23558,0,2048,0,-2048,3320,4,-7232,-29,2048,0,-2048,3312,0,16863,0,2048,0,-2048,3319,0,9208,0,2048,0,-2048,3320,0,25576,0,2048,0,-2048,3312,0,33247,0,2048,0,-2048,3329,-20,-32260,0,2048,0,0,3312,4,-15946,-29,2048,0,-2048,3329,0,43487,0,2048,0,2047;
100,1,3317,0,0,0,0,2048,0;
101,3,3344,0,0,0,1024,0,2048,3345,0,0,0,1024,0,2048,3346,0,0,0,1024,0,2048;
102,1,3317,0,0,0,0,2048,0;
103,1,3317,0,0,0,0,2048,0;
104,1,3317,0,0,0,0,2048,0;
105,1,3317,0,0,0,0,2048,0;
106,1,3317,0,0,0,0,2048,0;
107,1,3317,0,0,0,0,2048,0;
108,4,3348,0,0,0,0,2048,0,3349,0,0,0,0,2048,0,3350,0,0,0,0,2048,0,3351,0,0,0,0,2048,0;