Suteo,1,0,2,22,55,55,0,4,20,25,20,5,0,1,2,3,4,2,2,8,0;
Pan,1,0,0,22,81,62,5,2,35,60,40,5,5,6,7,8,9,2,8,18,0;
Behen,1,1,2,24,40,73,30,9,25,30,30,4,30,31,32,33,4,0,8,9,17,0;
V'ikka,2,1,1,52,61,45,15,5,25,10,10,5,15,16,17,18,19,5,5,8,12,14,19,0;
Eanya,0,1,3,15,15,90,20,8,20,35,40,5,20,21,22,23,24,2,17,27,0;
S'kolptorr,1,1,1,64,67,30,25,9,25,30,30,5,25,26,27,28,29,3,3,12,20,0;
Wolf-Reiser,3,0,0,75,20,35,10,0,20,30,20,1,10,1,7,0;
Aquila,1,1,0,66,15,47,35,7,25,25,15,5,35,36,37,38,39,3,6,11,25,0;
Buntta,2,1,0,37,63,62,40,1,35,25,20,5,40,41,42,43,44,6,0,1,2,3,18,19,0;
Weymire,2,1,2,39,29,63,45,7,25,25,15,5,45,46,47,48,49,5,2,11,17,19,26,0;
Y'mirr,0,0,1,81,63,60,-1,6,15,20,15,5,50,51,52,53,54,0;
Union,2,1,0,55,27,59,55,3,30,15,30,3,55,56,57,5,7,9,14,16,25,0;
Oom'bak,2,1,1,67,55,41,60,0,20,30,20,2,60,61,4,3,5,13,14,0;
Vulpes,1,1,0,78,47,55,65,4,20,25,20,5,65,66,67,68,69,2,12,16,0;
Magnetar,3,1,0,57,42,39,70,5,25,10,10,5,70,71,72,73,74,4,3,11,12,19,0;
Mido,0,1,3,29,10,90,-1,9,25,30,30,5,75,76,77,78,79,0;
Prospero,1,1,0,77,32,74,80,3,30,15,30,5,80,81,82,83,84,2,11,13,0;
Nesla,1,1,2,26,21,79,85,8,20,35,40,5,85,86,87,88,89,5,2,4,9,26,29,0;
Pescal Inartu,1,1,0,43,85,81,90,1,35,25,20,5,90,91,92,93,94,2,1,8,0;
Augmenta,3,1,0,44,46,50,95,6,15,20,15,5,95,96,97,98,99,4,3,8,9,14,0;
K'ontrr,0,1,1,77,79,20,62,1,35,25,20,5,62,59,58,63,64,4,5,21,30,31,0;
Ni'mrrod,0,0,1,89,84,10,12,9,25,30,30,5,11,12,13,14,34,3,20,30,31,0;
Beidan,3,0,0,92,40,32,-1,10,15,20,25,1,100,0;
Herjaza,1,0,0,59,82,56,-1,1,35,25,20,2,101,102,0;
Skavac,0,0,0,68,93,69,-1,4,20,25,20,2,103,104,0;
Loma,0,0,8,43,7,70,105,0,20,30,20,3,105,106,107,3,11,7,26,0;
Shima,3,1,3,36,16,50,108,1,35,25,20,1,108,3,17,25,9,0;
Ginoya,0,0,3,18,8,90,112,11,60,40,20,5,109,110,111,112,113,2,28,4,0;
Talidor,0,0,3,24,7,77,116,2,35,60,40,5,114,115,116,117,118,1,27,0;
Pareah,2,0,2,18,31,58,120,7,25,25,15,5,119,120,121,122,123,1,17,0;
Me'enkk,0,0,1,82,96,69,125,9,25,30,30,4,124,125,126,127,2,20,21,0;
Wah'norr,0,0,1,94,59,50,130,6,15,20,15,4,128,129,130,131,2,20,21,0;
Skor Terpa,0,0,0,50,2,65,-1,4,20,25,20,1,132,0;
Alda,0,0,0,53,89,70,-1,7,25,25,15,2,133,134,0;
Abyss,0,0,7,55,100,15,-1,10,0,25,25,1,135,0;